date,open,high,low,close,volume,adjusted
2000-06-16,62.875,63.59375,62.875,63.15625,11100,49.757347
2000-06-19,62.765625,64.0625,62.765625,64.0625,1800,50.471329
2000-06-20,64,64,63.4375,63.4375,4800,49.97892
2000-06-21,64,64.453125,64,64.453125,8900,50.779095
2000-06-22,63.9375,63.9375,62.5625,62.5625,4400,49.289558
2000-06-23,62.90625,62.90625,62.53125,62.71875,600,49.41267
2000-06-26,63.0625,63.53125,63.0625,63.375,1000,49.929672
2000-06-27,64.03125,64.28125,63.734375,63.953125,27700,50.385147
2000-06-28,64,64.375,62.21875,64.375,20600,50.717522
2000-06-29,65.25,65.28125,64.75,65.28125,800,51.431488
2000-06-30,65.03125,65.125,64.625,64.75,88200,51.012959
2000-07-03,65.8125,66.03125,65.5,66,3000,51.997761
2000-07-05,66.25,67.25,66.25,66.9375,2600,52.736385
2000-07-06,66.8125,66.8125,66.25,66.5625,4100,52.440918
2000-07-07,66.8125,67.34375,66.75,66.84375,31300,52.66251
2000-07-10,67.09375,68,67,67.53125,4700,53.204147
2000-07-11,67.78125,68.6875,67.5625,68.34375,25700,53.844284
2000-07-12,68.34375,68.34375,67.3125,67.65625,112000,53.302635
2000-07-13,66.75,66.75,64.75,64.75,13300,51.012959
2000-07-14,64.5,64.5,62.90625,63.484375,11000,50.015842
2000-07-17,63.734375,65.90625,63.734375,65.5,18800,51.603855
2000-07-18,65.5,65.5,64.8125,64.84375,2000,51.08683
2000-07-19,65.03125,65.03125,63.375,63.65625,7400,50.152023
2000-07-20,62.9375,63.25,62.75,62.75,15900,49.438046
2000-07-21,63,63.71875,63,63.65625,22900,50.152023
2000-07-24,64.3125,65.03125,64.3125,64.75,2200,51.013741
2000-07-25,64.1875,64.1875,62.75,62.75,3200,49.438046
2000-07-26,62.8125,63.40625,62.484375,62.625,3100,49.339546
2000-07-27,62.96875,63.859375,62.8125,63.859375,3500,50.312057
2000-07-28,63.625,63.71875,63.21875,63.4375,3000,49.979687
2000-07-31,63.4375,63.4375,62.4375,62.5,7000,49.241089
2000-08-01,63.96875,64.90625,63.625,64.78125,36700,51.03838
2000-08-02,64.71875,65.625,64.5625,65.3125,17400,51.456928
2000-08-03,65.375,65.8125,65.34375,65.8125,3500,51.850861
2000-08-04,65.625,65.625,65,65.21875,2400,51.383083
2000-08-07,65.5625,65.5625,65.40625,65.40625,600,51.530804
2000-08-08,65,65.65625,64.53125,65.4375,5600,51.555401
2000-08-09,64.875,65.46875,62,62,103800,48.847149
2000-08-10,62.25,62.75,62.21875,62.375,5400,49.142601
2000-08-11,62.59375,63.4375,62.4375,63.3125,4400,49.88121
2000-08-14,63.3125,63.3125,62.6875,63.1875,4700,49.782722
2000-08-15,63,63.21875,62.46875,62.46875,9600,49.21645
2000-08-16,62.875,63.25,62.8125,63,7000,49.63501
2000-08-17,62.875,63.78125,62.875,63.5625,5400,50.078148
2000-08-18,62.84375,62.84375,61.9375,62.125,30300,48.945641
2000-08-21,62.21875,63.09375,62.21875,62.9375,3100,49.585766
2000-08-22,63,63.21875,62.6875,62.6875,4500,49.388786
2000-08-23,62.90625,63.375,62.90625,63,6700,49.63501
2000-08-24,63.3125,63.8125,63.296875,63.78125,10000,50.250504
2000-08-25,63.96875,64.3125,63.96875,64.21875,13900,50.595203
2000-08-28,64.3125,64.5625,63.6875,63.6875,5500,50.176662
2000-08-29,63.328125,63.640625,62.84375,62.84375,7700,49.51189
2000-08-30,62.75,63.375,62.75,63.25,6400,49.831959
2000-08-31,63.53125,64.46875,63.53125,64.09375,5500,50.496719
2000-09-01,64,64.1875,63.875,64.03125,3900,50.447498
2000-09-05,63,63,61.875,62.296875,17200,49.081032
2000-09-06,62.25,62.25,60.6875,60.8125,9800,47.911556
2000-09-07,61.25,62.125,61.125,61.875,22200,48.748665
2000-09-08,61.875,62.40625,61.75,62.015625,10400,48.859444
2000-09-11,62,62.03125,61.65625,61.90625,5000,48.773281
2000-09-12,62.5,62.59375,62.3125,62.3125,5100,49.093346
2000-09-13,62.875,63.125,62.71875,62.9375,6700,49.585766
2000-09-14,63.28125,63.28125,62.5625,62.96875,4800,49.610382
2000-09-15,62.75,62.84375,62.71875,62.71875,2800,49.41341
2000-09-18,62.875,63,62,62,5100,48.847149
2000-09-19,62.1875,62.53125,61.625,62.28125,88100,49.068737
2000-09-20,62,62.53125,61.65625,62.53125,36900,49.265705
2000-09-21,62.375,64.03125,62.375,63.9375,6700,50.373627
2000-09-22,65,66.40625,64.984375,66.28125,9100,52.220161
2000-09-25,66.28125,66.4375,65.8125,65.96875,21800,51.973953
2000-09-26,65.71875,65.71875,64.46875,65.21875,58600,51.383083
2000-09-27,64.75,65.5,64.71875,65.375,39200,51.506168
2000-09-28,65.65625,66.78125,65.65625,66.5,56400,52.392487
2000-09-29,66.625,67.28125,66.625,66.71875,29300,52.564838
2000-10-02,66.03125,66.21875,65,65.40625,9400,51.530804
2000-10-03,65.59375,66.5,65.375,65.71875,3600,51.776978
2000-10-04,65.03125,65.09375,64.3125,64.359375,10100,50.705994
2000-10-05,65.1875,66.25,65.1875,66.09375,15600,52.072441
2000-10-06,66.3125,66.3125,64.5625,65.3125,11400,51.456928
2000-10-09,65.3125,65.375,64.34375,64.53125,5600,50.841408
2000-10-10,64.75,66.46875,64.75,66.28125,9600,52.220161
2000-10-11,66.046875,66.75,65.84375,65.84375,6700,51.875458
2000-10-12,65.8125,66.625,65.46875,66.03125,6000,52.023205
2000-10-13,65.625,65.625,64.625,65.21875,31300,51.383083
2000-10-16,66,66.8125,66,66.75,5600,52.589474
2000-10-17,67,67.78125,66.90625,67.75,7000,53.377331
2000-10-18,66.5625,67.375,66.25,67.15625,16000,52.945465
2000-10-19,66.6875,66.6875,65.28125,66.125,14100,52.132446
2000-10-20,66,66.75,66,66.71875,21400,52.600582
2000-10-23,67.40625,68.65625,67.40625,68.296875,12100,53.844738
2000-10-24,68.03125,68.09375,67.09375,67.3125,25400,53.068661
2000-10-25,68.28125,69.34375,68.25,68.84375,25000,54.275879
2000-10-26,68.875,69.09375,68.125,69,172500,54.399078
2000-10-27,67.6875,68.03125,67.28125,67.796875,93200,53.450565
2000-10-30,67.75,68.28125,67.1875,67.78125,50200,53.438221
2000-10-31,68.125,68.625,67.75,68.09375,16400,53.684589
2000-11-01,68.71875,68.9375,68.375,68.875,15400,54.300541
2000-11-02,69,69.3125,68.5625,69.21875,11600,54.571537
2000-11-03,69.125,69.3125,68.546875,68.90625,16900,54.32515
2000-11-06,68.9375,70.125,68.90625,69.5,28800,54.793274
2000-11-07,69.625,69.875,69,69.359375,82500,54.682434
2000-11-08,70.8125,71.25,70.25,70.25,74100,55.38459
2000-11-09,69.5,70.125,67.84375,69.90625,109900,55.113571
2000-11-10,69.625,70.59375,69.3125,70,86000,55.187477
2000-11-13,69.125,69.125,65.9375,67.09375,47600,52.896198
2000-11-14,66.84375,68.34375,66.3125,68.09375,92200,53.684589
2000-11-15,68.3125,69,68,68.984375,65300,54.386749
2000-11-16,68.53125,69.0625,68,68.03125,9600,53.635334
2000-11-17,67.90625,69.09375,67.53125,67.96875,20500,53.586052
2000-11-20,67.46875,67.96875,67.09375,67.8125,8900,53.462894
2000-11-21,67.78125,68.5625,67.78125,68.3125,4300,53.857056
2000-11-22,66.9375,68.0625,66.84375,67.6875,14700,53.364323
2000-11-24,67.78125,67.90625,67.1875,67.5,21700,53.216499
2000-11-27,68.5,70,68.09375,69.6875,18400,54.941101
2000-11-28,70,70.5625,69.3125,69.96875,22500,55.16283
2000-11-29,70.34375,71.21875,70.34375,70.875,27000,55.877316
2000-11-30,71.15625,71.59375,69.5625,69.71875,22600,54.965729
2000-12-01,68.625,68.96875,67.8125,68.28125,18700,53.832428
2000-12-04,68.125,69.59375,67.84375,69.234375,23400,54.583836
2000-12-05,69.5,70.46875,68.96875,69.40625,45700,54.719364
2000-12-06,69.15625,69.40625,67.625,68.3125,18700,53.857056
2000-12-07,68.78125,68.78125,68.0625,68.65625,6600,54.128098
2000-12-08,68.3125,70.21875,68.3125,69,5000,54.399078
2000-12-11,69.46875,70.65625,69.46875,69.90625,36200,55.113571
2000-12-12,69.9375,70.125,69.34375,69.34375,22600,54.670097
2000-12-13,70.15625,70.71875,69.84375,70.21875,29500,55.359936
2000-12-14,70.0625,70.0625,69.375,69.375,10200,54.694721
2000-12-15,69.71875,69.71875,68.75,69.65625,8900,54.91647
2000-12-18,69.15625,70.03125,69.15625,69.53125,8400,54.817917
2000-12-19,70.34375,71.28125,70.3125,70.71875,9400,55.754131
2000-12-20,70.15625,70.9375,69.5625,69.8125,8700,55.126984
2000-12-21,69.625,69.65625,68.46875,69.40625,112800,54.806152
2000-12-22,68.875,69.34375,68.78125,69.125,9100,54.584084
2000-12-26,69.78125,70.59375,69.46875,70.5625,13200,55.719196
2000-12-27,70.625,71.84375,70.625,71.21875,14300,56.237377
2000-12-28,71.5625,72.3125,71.5625,72.3125,36000,57.10107
2000-12-29,72.9375,73,71.78125,71.90625,25700,56.780262
2001-01-02,71.9375,72,69.8125,70,23600,55.275017
2001-01-03,70.4375,70.4375,67.90625,68.28125,31900,53.917812
2001-01-04,67,67.15625,64.15625,64.9375,50500,51.277451
2001-01-05,64.46875,65.125,63.375,63.8125,17200,50.389114
2001-01-08,64,64.53125,62.8125,63.71875,32400,50.315067
2001-01-09,63.875,64.90625,63.875,64.84375,14400,51.203411
2001-01-10,65.0625,65.0625,64.0625,64.53125,13800,50.95665
2001-01-11,64.78125,64.78125,63,63.46875,18900,50.117653
2001-01-12,63.78125,64.5,63.4375,64.3125,34500,50.783909
2001-01-16,63.78125,65.40625,63.78125,65.1875,18900,51.474854
2001-01-17,65,65,63.09375,63.625,19400,50.241035
2001-01-18,63.46875,64.90625,63.46875,64.53125,60500,50.95665
2001-01-19,63.75,64,63.125,63.375,38200,50.043629
2001-01-22,64.84375,65.0625,64.375,64.84375,69700,51.203411
2001-01-23,64.46875,65.25,63.8125,65.203125,20300,51.487198
2001-01-24,64.5,65.6875,64.5,64.75,15900,51.129398
2001-01-25,65.21875,66.375,65.140625,66.25,30200,52.313858
2001-01-26,66.84375,66.90625,66.0625,66.296875,26500,52.350868
2001-01-29,66.75,66.849998,65.349998,65.900002,24300,52.037464
2001-01-30,65.5,65.900002,65.019997,65.699997,47800,51.879555
2001-01-31,64.900002,65.699997,64.550003,65.699997,35800,51.879555
2001-02-01,65.900002,66.050003,65.599998,66,43700,52.116444
2001-02-02,66.699997,66.699997,66.099998,66.199997,15800,52.274361
2001-02-05,66.599998,66.599998,66.050003,66.400002,14100,52.43232
2001-02-06,66.599998,67.050003,66.099998,66.150002,55200,52.23489
2001-02-07,66.650002,66.800003,66.050003,66.050003,14800,52.155926
2001-02-08,66.099998,66.5,65.699997,66.099998,12400,52.195423
2001-02-09,66.199997,66.599998,65.800003,66.400002,13100,52.43232
2001-02-12,66.599998,67.400002,66.5,67.150002,13100,53.024525
2001-02-13,67.150002,67.150002,65.599998,65.650002,21700,51.840084
2001-02-14,65.449997,65.699997,64.5,65.449997,9700,51.682156
2001-02-15,64.900002,64.900002,64.050003,64.889999,37200,51.239929
2001-02-16,64.650002,64.650002,63.849998,64.199997,29500,50.695084
2001-02-20,64.5,64.699997,64,64.199997,14400,50.695084
2001-02-21,64.699997,65.25,64,64,12000,50.537163
2001-02-22,64.25,64.550003,62.950001,63.599998,61400,50.221294
2001-02-23,63.25,63.450001,62.549999,63.299999,4100,49.984417
2001-02-26,63.900002,65.050003,63.650002,65.050003,13000,51.366276
2001-02-27,64.599998,65.300003,64.300003,64.550003,17200,50.971462
2001-02-28,64.900002,65.650002,64.699997,65.25,26700,51.524227
2001-03-01,65.25,65.25,63.849998,64.449997,21800,50.892479
2001-03-02,64.400002,65.050003,64.349998,64.949997,27700,51.287312
2001-03-05,64.599998,64.739998,63.849998,64.650002,23500,51.050407
2001-03-06,64.800003,64.800003,63.200001,63.200001,19400,49.905434
2001-03-07,63,63.23,61.66,61.82,48700,48.815727
2001-03-08,61.810001,62.630001,61.810001,62.57,22700,49.40797
2001-03-09,62.400002,63.279999,62.049999,62.450001,18100,49.367634
2001-03-12,61.450001,62.049999,59.700001,59.73,25300,47.217461
2001-03-13,59.400002,60.169998,58.599998,60,19900,47.430889
2001-03-14,58.299999,59.700001,58.25,58.900002,28000,46.561329
2001-03-15,58.700001,59.049999,58.470001,58.700001,77100,46.403217
2001-03-16,58.299999,58.299999,56.799999,57.029999,5900,45.083057
2001-03-19,57,58.400002,57,58.349998,9600,46.126549
2001-03-20,58.349998,58.450001,56.799999,57.049999,22600,45.098869
2001-03-21,57.049999,57.049999,54.650002,55.099998,24000,43.557362
2001-03-22,53.5,54.75,52,54.5,36700,43.083046
2001-03-23,55,56,54.450001,55.900002,50300,44.189777
2001-03-26,56.900002,57.650002,56.5,57.02,67100,45.075153
2001-03-27,57.349998,58.299999,57,58.299999,28400,46.087017
2001-03-28,57.900002,58.900002,57.450001,58.75,32200,46.442741
2001-03-29,58.950001,60.25,58.25,59.25,37900,46.837994
2001-03-30,59.599998,59.599998,58.700001,59.400002,32000,46.95657
2001-04-02,59.450001,59.450001,57.450001,57.5,40300,45.454609
2001-04-03,57.5,58.099998,56.349998,56.700001,16400,44.822189
2001-04-04,56.700001,57.700001,56.400002,57.349998,22100,45.336021
2001-04-05,58,59,57.830002,58.799999,13900,46.482269
2001-04-06,58.299999,59.200001,58.299999,58.799999,35200,46.482269
2001-04-09,59,59.599998,59,59.599998,27800,47.114681
2001-04-10,60.049999,60.049999,58.900002,59.700001,27200,47.193737
2001-04-11,58.400002,58.599998,57.900002,58.349998,116800,46.126549
2001-04-12,58.700001,59.5,58.450001,59.5,30100,47.035629
2001-04-16,59.200001,60.450001,59.200001,59.5,28700,47.035629
2001-04-17,59.75,61.400002,59.75,61.400002,15300,48.537621
2001-04-18,61.400002,61.830002,60.400002,60.950001,74200,48.181873
2001-04-19,60.599998,60.599998,59.700001,60.419998,32400,47.76289
2001-04-20,59.150002,59.599998,58.549999,59.599998,36600,47.114681
2001-04-23,59.849998,59.900002,59.150002,59.200001,31300,46.798485
2001-04-24,59.200001,59.25,58.220001,58.5,44400,46.245117
2001-04-25,58.599998,59.950001,58.599998,59.900002,34500,47.351852
2001-04-26,59.799999,60.900002,59.75,60.650002,32300,47.94471
2001-04-27,60.150002,61.450001,60.150002,61.450001,17500,48.577133
2001-04-30,61.900002,62.549999,61.75,62.099998,31200,49.090965
2001-05-01,62.049999,62.200001,61.400002,62.200001,56300,49.170021
2001-05-02,61.849998,61.849998,61,61.540001,29200,48.648273
2001-05-03,61.400002,61.400002,60.450001,61,14700,48.221413
2001-05-04,60.400002,61.900002,60.349998,61.900002,28100,48.932877
2001-05-07,62,62,61.450001,61.970001,26300,48.988205
2001-05-08,61.799999,61.849998,61.150002,61.75,30400,48.814293
2001-05-09,61.849998,62.099998,61.599998,61.849998,17800,48.893341
2001-05-10,61.200001,62.200001,61.060001,61.299999,25900,48.458557
2001-05-11,61.400002,61.400002,60.799999,60.799999,19600,48.063301
2001-05-14,61.049999,61.299999,60.400002,61.299999,13000,48.458557
2001-05-15,61.099998,61.349998,60.599998,61.150002,25300,48.339989
2001-05-16,61.450001,63.549999,61.450001,63.400002,29000,50.118641
2001-05-17,63.599998,64.400002,63.200001,64.349998,30700,50.869629
2001-05-18,64.300003,64.300003,63.099998,63.700001,19700,50.355797
2001-05-21,63.75,64.300003,63.700001,64.25,37800,50.790558
2001-05-22,64,64,63.299999,63.650002,92700,50.316273
2001-05-23,63.650002,63.75,62.200001,62.650002,37400,49.525757
2001-05-24,62.400002,62.75,61.549999,62.700001,40500,49.565281
2001-05-25,62.5,62.5,61.799999,62.27,21800,49.225357
2001-05-29,62.349998,63.099998,62.349998,62.950001,18900,49.762894
2001-05-30,62.700001,63.330002,62.5,62.75,40400,49.60479
2001-05-31,62.700001,63.150002,62.200001,62.700001,11900,49.565281
2001-06-01,62.849998,64,62.849998,63.75,18100,50.395325
2001-06-04,64,64.550003,63.650002,64.529999,26500,51.011921
2001-06-05,64.699997,65.400002,64.449997,65.199997,27300,51.541573
2001-06-06,65.300003,65.300003,64.300003,64.599998,15500,51.067245
2001-06-07,64.650002,65.300003,64.650002,64.760002,22700,51.193737
2001-06-08,64.5,64.800003,64.099998,64.699997,19900,51.196102
2001-06-11,64.5,64.5,63,63.650002,14100,50.365276
2001-06-12,63.25,63.619999,62.599998,63.380001,13600,50.151619
2001-06-13,63.299999,63.669998,63,63.450001,26100,50.207008
2001-06-14,63.299999,63.700001,63,63,27500,49.850918
2001-06-15,62.799999,63.5,62.5,63.25,19700,50.048756
2001-06-18,63.299999,63.950001,63.299999,63.299999,10700,50.088314
2001-06-19,63.849998,63.849998,63.150002,63.849998,12300,50.523506
2001-06-20,64.050003,64.849998,64.050003,64.849998,54600,51.314808
2001-06-21,64.400002,65.300003,64.370003,65.050003,25600,51.473061
2001-06-22,63.700001,63.700001,62.279999,62.599998,56000,49.534409
2001-06-25,62.599998,63,61.650002,62.099998,45500,49.138756
2001-06-26,61.900002,62.27,61.599998,61.84,10600,48.933052000000004
2001-06-27,61.700001,62,61.25,61.549999,21700,48.703568
2001-06-28,61.549999,62.5,61.400002,62.25,27900,49.257462
2001-06-29,61.900002,62.25,60.849998,60.900002,35700,48.189224
2001-07-02,61.400002,61.849998,61.150002,61.549999,20100,48.703568
2001-07-03,61.599998,61.599998,61.150002,61.450001,19000,48.624435
2001-07-05,61.299999,61.400002,60.419998,60.5,15600,47.872723
2001-07-06,60.049999,60.25,59.549999,59.959999,37400,47.445423
2001-07-09,60,61.189999,60,61.189999,13900,48.418701
2001-07-10,61.189999,61.189999,60.200001,60.299999,21000,47.714455
2001-07-11,60.400002,60.400002,59.52,59.830002,24000,47.342567
2001-07-12,59.200001,59.5,58.75,59,41100,46.685795
2001-07-13,59,60.5,59,60.119999,22000,47.572033
2001-07-16,60.049999,60.25,59.009998,59.34,23200,46.954845
2001-07-17,59.650002,60.5,59.25,60.419998,10200,47.809402
2001-07-18,60.700001,61.959999,60.700001,61.959999,22400,49.028004
2001-07-19,62,62.450001,61.48,61.650002,11200,48.782692
2001-07-20,62,62.439999,61.700001,62.200001,10400,49.217903
2001-07-23,62.400002,62.400002,61.110001,61.110001,7500,48.3554
2001-07-24,60.849998,60.889999,59.849998,60.200001,35300,47.635334
2001-07-25,60.5,60.950001,60.259998,60.400002,9000,47.793575
2001-07-26,61,61.25,60.41,61.25,8700,48.466179
2001-07-27,61.75,61.900002,61.110001,61.400002,19900,48.584869
2001-07-30,61.650002,61.700001,61.099998,61.700001,20400,48.822254
2001-07-31,61.900002,63.549999,61.900002,62.5,78900,49.455284
2001-08-01,62.5,62.549999,62,62.25,41000,49.257462
2001-08-02,62.5,62.549999,61.209999,61.610001,64200,48.751064
2001-08-03,60.799999,61.84,60.799999,61.77,23300,48.877644
2001-08-06,61.900002,61.990002,61.110001,61.209999,6500,48.434521
2001-08-07,61.599998,61.75,61.299999,61.75,13800,48.86182
2001-08-08,61.299999,61.900002,60.700001,60.950001,31600,48.228794
2001-08-09,61,61.099998,60.299999,61,36500,48.26836
2001-08-10,61.099998,61.889999,61.099998,61.700001,21000,48.822254
2001-08-13,61.400002,62.290001,61.400002,62.25,20700,49.257462
2001-08-14,62.5,62.580002,62,62.099998,27600,49.138756
2001-08-15,61.200001,62.650002,61.200001,62.099998,25500,49.138756
2001-08-16,62,62.049999,61.209999,61.950001,8000,49.020077
2001-08-17,61.849998,62,61.369999,61.369999,26100,48.561131
2001-08-20,61.849998,62.200001,61.599998,62.099998,23000,49.138756
2001-08-21,62.400002,62.84,61.849998,61.950001,11000,49.020077
2001-08-22,61.799999,62.549999,61.5,62.349998,15800,49.336586
2001-08-23,61.900002,63.900002,61.900002,62.740002,97800,49.645184
2001-08-24,62.650002,63.439999,62.639999,63.380001,19200,50.151619
2001-08-27,63.299999,63.5,63.110001,63.110001,10600,49.937973
2001-08-28,63.200001,63.200001,62.25,62.349998,16300,49.336586
2001-08-29,62.599998,62.689999,61.549999,61.889999,48300,48.972603
2001-08-30,61.799999,62.389999,61,61.540001,16300,48.695656
2001-08-31,61.349998,61.5,60.459999,60.849998,8700,48.149666
2001-09-04,61.099998,62.290001,61.099998,61.52,11500,48.67984
2001-09-05,61.200001,62.5,61.189999,62.400002,23900,49.376156
2001-09-06,62.150002,62.150002,61.110001,61.450001,8300,48.624435
2001-09-07,60.700001,60.700001,59.650002,59.759998,26600,47.287174
2001-09-10,59.25,60.939999,59.099998,60.5,19100,47.872723
2001-09-17,59.25,60.299999,59.099998,60,56700,47.477066
2001-09-18,59.349998,59.599998,58.400002,58.799999,40400,46.527542
2001-09-19,59.049999,59.049999,56.299999,58.150002,67100,46.013191
2001-09-20,57.400002,57.799999,56.650002,57.5,22200,45.498859
2001-09-21,55.450001,56.849998,55.099998,55.400002,65000,43.837177
2001-09-24,56.900002,56.900002,55.830002,56.099998,62500,44.391064
2001-09-25,56.650002,57.099998,56.25,56.91,29000,45.032001
2001-09-26,56.400002,58.119999,56.400002,58.099998,26300,45.973629
2001-09-27,58.400002,60.299999,58.400002,59.900002,50400,47.397953
2001-09-28,60.849998,60.950001,59.650002,60.529999,39500,47.896473
2001-10-01,60.650002,61.299999,60.41,61.099998,34100,48.385845
2001-10-02,61,61.549999,60.75,61.450001,37300,48.663025
2001-10-03,60.950001,61.34,60.650002,61.200001,53200,48.465054
2001-10-04,61.299999,61.400002,60.75,60.950001,29400,48.267071
2001-10-05,61.099998,61.450001,60.400002,61.25,25200,48.504646
2001-10-08,61.25,61.389999,60.700001,61.049999,17800,48.346249
2001-10-09,61,61,60.400002,60.799999,21600,48.148285
2001-10-10,60.75,61.799999,60.650002,61.799999,21900,48.940189
2001-10-11,62.099998,62.099998,61,61.380001,37700,48.607605
2001-10-12,61.5,61.849998,61,61.700001,66800,48.860996
2001-10-15,61.700001,62.400002,61.5,62.299999,43900,49.336147
2001-10-16,62.950001,63.200001,61.240002,62.41,54400,49.423256
2001-10-17,62,62.349998,61.599998,61.73,58900,48.884754
2001-10-18,61.650002,61.700001,61.240002,61.540001,12500,48.734295
2001-10-19,61.349998,62.09,61.110001,62.049999,15200,49.138176
2001-10-22,62,63.200001,62,63,27200,49.890476
2001-10-23,63.200001,63.200001,62.099998,62.189999,47200,49.249039
2001-10-24,62.5,62.5,62,62.150002,20200,49.217361
2001-10-25,61.650002,62.450001,61,62.450001,53100,49.454922
2001-10-26,62.25,62.610001,61.950001,62.310001,35200,49.34407
2001-10-29,62.299999,62.5,61.849998,61.950001,35900,49.058987
2001-10-30,61.599998,61.599998,60.799999,61,22800,48.306671
2001-10-31,61.299999,61.450001,60.599998,60.880001,27000,48.211643
2001-11-01,60.650002,61.700001,60.650002,61.650002,26300,48.8214
2001-11-02,61.5,61.650002,61.150002,61.349998,18900,48.583839
2001-11-05,61.849998,62.049999,61.369999,61.549999,31800,48.742218
2001-11-06,61.549999,62.189999,61.099998,62.189999,14800,49.249039
2001-11-07,62.299999,62.5,61.66,61.669998,24600,48.837242
2001-11-08,62,62,61.099998,61.099998,51900,48.385845
2001-11-09,61.200001,61.549999,60.599998,61.150002,32000,48.425457
2001-11-12,60.599998,61.349998,60.099998,61.139999,26400,48.417538
2001-11-13,61.099998,61.650002,61.060001,61.599998,47800,48.781803
2001-11-14,61.700001,61.700001,61.049999,61.380001,44100,48.607605
2001-11-15,61.299999,61.799999,61.029999,61.5,53900,48.702633
2001-11-16,61.650002,61.830002,61.43,61.790001,25900,48.932285
2001-11-19,61.900002,62.639999,61.849998,62.639999,54800,49.605412
2001-11-20,62.599998,63.220001,62.43,62.959999,102400,49.858795
2001-11-21,63.400002,63.740002,63.25,63.549999,23300,50.326042
2001-11-23,63.68,63.990002,63.509998,63.689999,18900,50.436905
2001-11-26,64.059998,64.580002,63.619999,64.550003,36300,51.117966
2001-11-27,64.150002,64.690002,63.759998,64.129997,76800,50.785355
2001-11-28,64.099998,64.269997,63.349998,63.509998,37400,50.294353
2001-11-29,63.490002,63.919998,63.25,63.77,39900,50.500271
2001-11-30,64,64.059998,63.599998,63.990002,27400,50.67448
2001-12-03,63.799999,64.18,63.610001,64.089996,14600,50.753681
2001-12-04,64.099998,64.150002,63.360001,63.689999,20300,50.436905
2001-12-05,63.900002,64.050003,63.450001,63.830002,31400,50.547787
2001-12-06,63.700001,64.239998,63.650002,63.650002,44000,50.405243
2001-12-07,63.700001,63.880001,63.439999,63.5,25600,50.286469
2001-12-10,63.259998,63.560001,62.630001,62.93,36200,49.835064
2001-12-11,62.27,63.169998,61.52,61.889999,34200,49.011456
2001-12-12,61.849998,61.849998,60.259998,60.970001,139700,48.282917
2001-12-13,60.549999,61.5,60.549999,60.549999,19300,47.950306
2001-12-14,60.23,61.080002,60.200001,60.91,39400,48.285629
2001-12-17,61.150002,61.799999,61.139999,61.470001,50100,48.729565
2001-12-18,61.869999,61.98,61.299999,61.779999,45900,48.975307
2001-12-19,61.639999,62.290001,61.299999,62.110001,34300,49.236916
2001-12-20,62.099998,62.639999,61.880001,62.330002,29200,49.411324
2001-12-21,62.549999,62.790001,61.970001,62.580002,92800,49.609512
2001-12-24,62.5,63.5,62.459999,62.860001,50100,49.831478
2001-12-26,62.650002,63.209999,62.560001,62.599998,24200,49.625355
2001-12-27,62.349998,62.740002,62.25,62.740002,32300,49.736336
2001-12-28,62.98,62.990002,62.599998,62.900002,26900,49.863167
2001-12-31,62.349998,62.650002,62.099998,62.099998,23500,49.228977
2002-01-02,62.099998,62.099998,60.650002,61.700001,130100,48.911888
2002-01-03,61.689999,61.689999,60.650002,61.169998,46800,48.491737
2002-01-04,61.25,61.439999,60.509998,61.23,24300,48.539307
2002-01-07,60.900002,61.049999,60.549999,60.82,72300,48.214279
2002-01-08,60.950001,60.950001,60.220001,60.549999,46500,48.000252
2002-01-09,60.650002,61.48,60.470001,60.650002,28100,48.079529
2002-01-10,60.869999,61.389999,60.630001,61.200001,21700,48.51553
2002-01-11,61.799999,61.799999,61.400002,61.549999,49300,48.792995
2002-01-14,61.650002,61.990002,61.360001,61.450001,21500,48.713718
2002-01-15,61.700001,61.849998,60.73,61.34,51700,48.626514
2002-01-16,61.450001,61.689999,60.950001,61.139999,15300,48.467964
2002-01-17,61.200001,61.25,60.459999,60.91,35600,48.285629
2002-01-18,60.75,61.330002,60.310001,60.540001,23900,47.992332
2002-01-22,60.650002,61.279999,60.5,61.189999,109300,48.507595
2002-01-23,61.5,61.990002,61.02,61.529999,49600,48.777138
2002-01-24,61.439999,61.439999,60.709999,60.91,25800,48.285629
2002-01-25,60.5,60.959999,60.5,60.599998,24000,48.039879
2002-01-28,60.25,60.59,59.849998,60.240002,43300,47.754494
2002-01-29,60.650002,60.849998,59.119999,59.580002,36800,47.231312
2002-01-30,59.099998,60.040001,59.099998,60,32000,47.564243
2002-01-31,60.049999,60.689999,59.849998,60.689999,16300,48.111221
2002-02-01,60.900002,60.990002,60.560001,60.849998,34700,48.23806
2002-02-04,60.450001,60.5,59.209999,59.450001,53600,47.128239
2002-02-05,59.349998,60.25,59.349998,59.889999,80700,47.477043
2002-02-06,59.900002,59.93,59.07,59.07,44000,46.826984
2002-02-07,58.900002,59.290001,58.310001,58.759998,72200,46.581238
2002-02-08,58.75,59.599998,58.349998,59.599998,20200,47.247131
2002-02-11,59.549999,60.209999,59.549999,60.200001,42800,47.722794
2002-02-12,59.720001,60.939999,59.720001,60.919998,88300,48.293564
2002-02-13,61.099998,61.200001,60.709999,60.799999,23700,48.198429
2002-02-14,60.700001,61.189999,60.349998,60.599998,22100,48.039879
2002-02-15,60.5,60.950001,60.299999,60.650002,14700,48.079529
2002-02-19,60.400002,60.439999,59.740002,59.790001,19800,47.397766
2002-02-20,60,60.740002,59.75,60.740002,14200,48.150867
2002-02-21,60.650002,61.34,60.25,60.25,29700,47.762417
2002-02-22,60.25,60.849998,60.060001,60.549999,21700,48.000252
2002-02-25,60.799999,60.939999,60.130001,60.599998,27200,48.039879
2002-02-26,60.549999,60.799999,60.150002,60.650002,12600,48.079529
2002-02-27,60.799999,61.389999,60.549999,60.869999,15500,48.253929
2002-02-28,60.950001,61.209999,60.450001,60.509998,17500,47.968517
2002-03-01,60.5,61.5,60.25,61.41,18500,48.682007
2002-03-04,61.700001,61.75,61.169998,61.599998,48100,48.832615
2002-03-05,61.299999,61.549999,60.650002,60.720001,46600,48.135014
2002-03-06,60.849998,61.799999,60.849998,61.790001,31000,48.983257
2002-03-07,61.799999,61.799999,61.009998,61.400002,54900,48.674068
2002-03-08,61.549999,61.700001,60.790001,60.900002,41400,48.352509
2002-03-11,60.91,61.400002,60.689999,61.25,64100,48.630405
2002-03-12,60.799999,61.400002,60.75,61.349998,62600,48.709801
2002-03-13,61.450001,62,61.400002,61.950001,25800,49.186172
2002-03-14,61.849998,62.099998,61.650002,61.900002,43800,49.1465
2002-03-15,62.049999,62.689999,62.049999,62.450001,20700,49.583157
2002-03-18,62.5,62.599998,62,62.41,23500,49.551395
2002-03-19,62.549999,62.639999,62.049999,62.419998,23300,49.559338
2002-03-20,61.950001,62.150002,60.900002,61.049999,87000,48.471622000000004
2002-03-21,61,61.450001,60.5,61.450001,33300,48.789204
2002-03-22,61.299999,61.549999,61.049999,61.290001,18600,48.66217
2002-03-25,61.400002,61.400002,60.450001,60.450001,20900,47.995239
2002-03-26,60.689999,61.049999,60.299999,60.700001,20900,48.193733
2002-03-27,60.349998,60.900002,60.299999,60.689999,47000,48.185772
2002-03-28,60.700001,61,60.689999,60.849998,16500,48.312813
2002-04-01,60.450001,60.950001,60.299999,60.950001,20700,48.392223
2002-04-02,60.650002,60.799999,60.400002,60.599998,15300,48.114323
2002-04-03,60.700001,60.700001,59.75,60.099998,40500,47.717335
2002-04-04,58.950001,59.299999,58.66,58.849998,53500,46.724888
2002-04-05,59.150002,59.150002,58.299999,58.299999,48400,46.288204
2002-04-08,58.25,58.700001,58.150002,58.490002,22600,46.439068
2002-04-09,58.799999,58.799999,58.23,58.23,21600,46.232639
2002-04-10,58.650002,59.400002,58.450001,59.400002,24500,47.161568
2002-04-11,59.450001,59.59,58.509998,58.650002,31200,46.566101
2002-04-12,58.75,58.889999,58.360001,58.84,21600,46.716957
2002-04-15,58.75,59.09,58.450001,58.849998,14200,46.724888
2002-04-16,59,59.700001,59,59.630001,23100,47.344173
2002-04-17,59.200001,59.34,58.68,58.84,25100,46.716957
2002-04-18,59,59.84,59,59.66,60200,47.368
2002-04-19,59.950001,59.990002,59.509998,59.740002,23200,47.431503
2002-04-22,59.599998,59.599998,58.560001,58.889999,36200,46.756641
2002-04-23,58.599998,58.889999,57.919998,58.09,26900,46.121487
2002-04-24,58.400002,58.650002,57.799999,57.799999,52000,45.89122
2002-04-25,58.450001,58.689999,57.849998,58.09,30100,46.121487
2002-04-26,58.200001,58.200001,57.25,57.5,26200,45.653034
2002-04-29,57.5,58.009998,56.400002,56.450001,38200,44.819374
2002-04-30,56.400002,57.209999,55.950001,56.860001,27500,45.144901
2002-05-01,57.200001,57.84,57.130001,57.810001,27300,45.899158
2002-05-02,57.75,57.84,57.25,57.299999,19700,45.494225
2002-05-03,57.349998,57.349998,56.41,56.700001,71000,45.017845
2002-05-06,56.900002,56.939999,55.799999,55.990002,34700,44.454147
2002-05-07,56.290001,56.290001,54.75,54.799999,55000,43.509335
2002-05-08,55.599998,56.639999,55.150002,56.639999,35700,44.970219
2002-05-09,56.25,56.560001,55.849998,55.849998,48800,44.342976
2002-05-10,55.799999,56,55.060001,55.34,36000,43.938057
2002-05-13,55.25,55.889999,55.25,55.880001,33400,44.36681
2002-05-14,56.25,56.77,55.919998,56.75,46800,45.057564
2002-05-15,56.25,56.509998,55.59,55.720001,58600,44.239765
2002-05-16,55.549999,55.549999,54.75,55.419998,59700,44.001583
2002-05-17,55.549999,56.610001,55.549999,56.5,68100,44.85907
2002-05-20,56.299999,56.540001,55.860001,56.09,31100,44.533546
2002-05-21,56.290001,56.400002,55.459999,55.630001,67000,44.168335
2002-05-22,55.75,56.220001,55.439999,55.939999,42300,44.414436
2002-05-23,55.849998,56.75,55.360001,56.740002,33400,45.049633
2002-05-24,56.700001,56.700001,55.700001,56,13300,44.462078
2002-05-28,56.150002,56.150002,55.509998,55.650002,33000,44.1842
2002-05-29,55.799999,56.330002,55.799999,55.98,14900,44.446198
2002-05-30,55.5,56.07,55.369999,55.939999,32100,44.414436
2002-05-31,56.209999,56.560001,55.560001,55.650002,15000,44.1842
2002-06-03,55.849998,55.900002,53.950001,53.950001,19100,42.834457
2002-06-04,53.799999,54.09,53.220001,53.790001,73200,42.707424
2002-06-05,53.900002,54.349998,53.549999,54.349998,20500,43.152042
2002-06-06,54.25,54.25,52.759998,52.759998,43300,41.889626
2002-06-07,52.299999,53.389999,52.099998,53.009998,24100,42.088127
2002-06-10,53.169998,54.299999,53.009998,53.919998,222900,42.810631
2002-06-11,53.779999,53.790001,51.66,51.66,91600,41.016281
2002-06-12,51.549999,52,50.900002,51.5,34200,40.889248
2002-06-13,51.599998,52.549999,51.599998,51.950001,47200,41.246517
2002-06-14,51.700001,52.299999,50.66,52.049999,29900,41.390453
2002-06-17,52.200001,53.299999,52.200001,53.049999,30500,42.185665
2002-06-18,52.900002,53.700001,52.900002,53.450001,32600,42.503742
2002-06-19,53.150002,53.619999,52.790001,53.150002,24100,42.265175
2002-06-20,52.599998,52.849998,52,52.200001,22600,41.509724
2002-06-21,51.349998,51.849998,50.209999,50.549999,28400,40.197624
2002-06-24,50.200001,51.150002,49.25,50.400002,75800,40.078358
2002-06-25,50.700001,51.139999,49.549999,49.549999,34300,39.402451
2002-06-26,48.650002,50.599998,48.650002,50.450001,40000,40.11813
2002-06-27,50.900002,51.700001,50.200001,51.700001,34800,41.112122
2002-06-28,51.650002,52.049999,50.66,51,36100,40.555492
2002-07-01,50.450001,50.599998,48.75,48.75,40200,38.766285
2002-07-02,48.799999,48.799999,47.150002,47.619999,193800,37.867695
2002-07-03,47.400002,47.709999,46.709999,47.709999,44000,37.939262
2002-07-05,48.349998,49.349998,48.16,49.150002,24000,39.08437
2002-07-08,49.099998,49.240002,48.5,48.599998,32300,38.646988
2002-07-09,48.5,48.5,46.360001,46.450001,69000,36.937305
2002-07-10,46.200001,46.200001,44.02,44.32,64900,35.243534
2002-07-11,44.099998,45.150002,43,45.150002,142900,35.903526
2002-07-12,44.900002,45.950001,44.450001,45.799999,46200,36.420425
2002-07-15,44.700001,45,43.099998,44.900002,124200,35.704742
2002-07-16,44.849998,45.970001,44.400002,44.68,45000,35.529785
2002-07-17,46.200001,46.200001,45.150002,45.849998,28900,36.460178
2002-07-18,45.150002,45.25,43.900002,43.900002,25700,34.909515
2002-07-19,42.200001,42.799999,41.720001,41.900002,101000,33.319122
2002-07-22,42.799999,42.849998,41,41,78200,32.603432
2002-07-23,41.299999,41.849998,40.5,40.84,74900,32.476212
2002-07-24,39.75,43.610001,39.75,43.59,93900,34.663021
2002-07-25,43.799999,45.169998,43.57,44.779999,83600,35.609325
2002-07-26,44.5,45.689999,44.259998,45.549999,87000,36.221622000000004
2002-07-29,46.700001,47.650002,46.299999,47.639999,76000,37.883606
2002-07-30,46.75,48.599998,46.75,48.099998,147500,38.249401
2002-07-31,47.900002,49.349998,47.299999,49.330002,164400,39.227489
2002-08-01,49,49.09,47.700001,47.75,122400,37.971085
2002-08-02,47.75,48.630001,47.060001,47.639999,63500,37.883606
2002-08-05,47.599998,47.700001,45.5,45.599998,213800,36.261368
2002-08-06,46.599998,47.540001,46.389999,46.549999,54100,37.016819
2002-08-07,47.700001,48.349998,46.799999,48.240002,41600,38.360737
2002-08-08,48.450001,49.959999,48.450001,49.939999,422100,39.712566
2002-08-09,49.349998,50.279999,48.849998,49.700001,121800,39.521713
2002-08-12,49.34,50.189999,49.009998,49.810001,460100,39.609192
2002-08-13,49.700001,49.869999,48.220001,48.220001,131900,38.344822
2002-08-14,48.220001,50.060001,47.610001,50,147800,39.760296
2002-08-15,50.5,50.799999,49.810001,50.25,156900,39.959087
2002-08-16,49.75,50.360001,49.59,49.830002,50800,39.625103
2002-08-19,49.950001,50.650002,49.720001,50.540001,273800,40.189697
2002-08-20,50.200001,50.5,49.77,49.990002,152800,39.752331
2002-08-21,50.75,50.959999,49.900002,50.959999,93800,40.523678
2002-08-22,50.970001,52.41,50.77,52.369999,118400,41.644924
2002-08-23,52.049999,52.169998,51,51.16,78600,40.682732
2002-08-26,51.5,51.549999,50.400002,51.5,53500,40.953102
2002-08-27,51.549999,51.599998,49.799999,49.900002,93000,39.680763
2002-08-28,49.709999,50.18,49.310001,49.639999,117900,39.474018
2002-08-29,49.009998,50.189999,48.799999,49.75,89400,39.561478
2002-08-30,49.099998,50.32,49.099998,49.68,26400,39.50581
2002-09-03,48.799999,49,47.400002,47.400002,96100,37.692757
2002-09-04,47.549999,49.02,47.549999,48.799999,51100,38.806038
2002-09-05,48,48.84,47.66,48.349998,56200,38.448208
2002-09-06,48.540001,48.650002,48.220001,48.48,28700,38.551567
2002-09-09,48,49.080002,47.959999,48.900002,37200,38.885548
2002-09-10,49.049999,49.299999,48.669998,49.18,28400,39.108212
2002-09-11,50.099998,50.099998,49.130001,49.139999,29500,39.076412
2002-09-12,48.900002,48.900002,48.119999,48.189999,25100,38.320969
2002-09-13,47.580002,48.619999,47.509998,48.619999,235000,38.728004
2002-09-16,48.150002,48.900002,47.919998,48.75,46500,38.831535
2002-09-17,49.25,49.34,47.630001,47.84,143600,38.106689
2002-09-18,47.299999,48.349998,47.299999,48.029999,104100,38.258034
2002-09-19,47.299999,47.529999,46.549999,46.75,41400,37.238453
2002-09-20,46.599998,46.93,46.299999,46.759998,142900,37.246418
2002-09-23,46.099998,46.619999,45.91,46.110001,71100,36.728657
2002-09-24,45.5,46.580002,45.5,46.220001,111600,36.816307
2002-09-25,46.650002,47.849998,46.349998,47.740002,174700,38.02702
2002-09-26,47.900002,48.470001,47.759998,48.400002,66400,38.55275
2002-09-27,47.900002,48.259998,46.610001,46.610001,41400,37.126934
2002-09-30,46.200001,47.110001,45.75,46.59,376700,37.111
2002-10-01,46.900002,48.02,46.540001,47.900002,51700,38.154488
2002-10-02,48.439999,48.689999,47.419998,47.599998,36700,37.915516
2002-10-03,47.900002,48.389999,47.25,47.599998,260600,37.915516
2002-10-04,47.700001,47.700001,45.970001,46.209999,86900,36.808338
2002-10-07,46.200001,47.240002,46.110001,46.209999,41700,36.808338
2002-10-08,46.599998,47.549999,46.23,47.060001,36700,37.48539
2002-10-09,46.75,47.099998,46.400002,46.700001,397200,37.198639
2002-10-10,46.700001,47.650002,46.200001,47.380001,80700,37.740276
2002-10-11,48.110001,48.490002,47.459999,47.959999,119400,38.202259
2002-10-14,48.200001,49.200001,48,49.040001,127200,39.062546
2002-10-15,50.099998,50.299999,49.630001,50.080002,221500,39.890945
2002-10-16,50.23,50.790001,49.66,50.25,170700,40.026363
2002-10-17,51.18,51.200001,50.5,50.599998,143500,40.305153
2002-10-18,50.5,51.139999,50.32,50.759998,163100,40.432602
2002-10-21,50.5,50.98,49.869999,50.900002,187700,40.544128
2002-10-22,50.099998,50.389999,49.59,50.099998,224200,39.906891
2002-10-23,49.240002,49.830002,48.68,49.529999,122900,39.45285
2002-10-24,49.82,49.849998,48.790001,48.810001,60000,38.879353
2002-10-25,48.799999,50.040001,48.740002,49.919998,134100,39.763485
2002-10-28,50.400002,50.400002,49.200001,49.349998,84400,39.309479
2002-10-29,49.299999,49.389999,48.389999,49.080002,96800,39.094406
2002-10-30,48.599998,49.759998,48.599998,49.560001,53800,39.476757
2002-10-31,49.5,49.959999,48.610001,49.09,91300,39.102371
2002-11-01,49,49.889999,48.599998,49.68,143500,39.572334
2002-11-04,50.099998,50.630001,49.5,49.610001,55600,39.516586
2002-11-05,49.740002,50.380001,49.610001,50.360001,45000,40.113998
2002-11-06,51.040001,51.580002,50.459999,51.5,145900,41.022038
2002-11-07,51.25,51.459999,50.790001,51.049999,73600,40.663597
2002-11-08,50.299999,50.860001,50.25,50.66,48200,40.352959
2002-11-11,50.23,50.59,49.57,49.790001,61400,39.65995
2002-11-12,49.959999,50.459999,49.639999,50.099998,109900,39.906891
2002-11-13,50,50.41,48.73,49.5,46300,39.428959
2002-11-14,49.700001,50.34,49.700001,50.32,47500,40.082115
2002-11-15,49.900002,50.799999,49.900002,50.799999,275500,40.464462
2002-11-18,50.950001,51.040001,50.400002,50.48,47600,40.209576
2002-11-19,50.299999,50.849998,50.169998,50.25,32200,40.026363
2002-11-20,50.02,51.139999,50,50.84,173400,40.496326
2002-11-21,51.389999,51.389999,50.720001,51.189999,114800,40.775116
2002-11-22,51.189999,51.369999,50.779999,50.779999,50700,40.448521
2002-11-25,50.75,50.889999,50.060001,50.689999,55100,40.376846
2002-11-26,50.049999,50.32,49.700001,49.849998,84100,39.707741
2002-11-27,50.25,50.860001,50.25,50.450001,90800,40.185673
2002-11-29,50.299999,50.84,50.299999,50.5,46700,40.225502
2002-12-02,50.52,50.669998,49.529999,50.099998,220100,39.906891
2002-12-03,49.75,49.93,49.009998,49.5,52200,39.428959
2002-12-04,49.400002,50.150002,49.360001,50.09,474400,39.898926
2002-12-05,50.119999,50.139999,49.669998,49.849998,76800,39.707741
2002-12-06,49.599998,50.099998,49.599998,50.009998,41200,39.83519
2002-12-09,50.049999,50.669998,49.790001,49.98,32500,39.811295
2002-12-10,50.16,50.16,49.619999,49.950001,58700,39.787403
2002-12-11,49.75,50.279999,49.560001,50.09,30200,39.898926
2002-12-12,49.5,50.029999,49.34,49.59,39400,39.50066
2002-12-13,49,49.439999,48.799999,49.040001,49200,39.153355
2002-12-16,48.599998,49.599998,48.599998,49.580002,60900,39.584492
2002-12-17,49.18,49.360001,48.759998,49.279999,36600,39.344952
2002-12-18,49.25,49.25,48.580002,48.849998,60000,39.001648
2002-12-19,48.400002,49.049999,48.110001,48.299999,137400,38.562534
2002-12-20,48.349998,48.98,48.310001,48.91,244200,39.049557
2002-12-23,48.549999,49.470001,48.549999,49.25,59400,39.321011
2002-12-24,49.5,49.75,49.23,49.540001,17700,39.55254
2002-12-26,49.5,49.5,48.5,48.639999,23500,38.833977
2002-12-27,48.599998,48.599998,47.75,48.009998,54300,38.330997000000004
2002-12-30,47.880001,48.490002,47.75,48.16,88900,38.45076
2002-12-31,48.450001,48.689999,47.849998,48.529999,200400,38.746174
2003-01-02,49,49.849998,48.740002,49.849998,26800,39.800037
2003-01-03,50.099998,50.299999,49.849998,50.02,20800,39.935772
2003-01-06,50.099998,50.849998,50.099998,50.740002,61900,40.51062
2003-01-07,50.549999,50.650002,49.810001,50,41600,39.919807
2003-01-08,49.900002,50.23,49.48,49.5,32200,39.520611
2003-01-09,49.740002,50.34,49.650002,50.220001,19900,40.09544
2003-01-10,49.599998,50.299999,49.599998,50.130001,30300,40.023602
2003-01-13,50.669998,50.669998,49.939999,50.27,37100,40.135361
2003-01-14,50.119999,50.34,49.810001,50.27,26500,40.135361
2003-01-15,50.330002,50.330002,49.470001,49.549999,73500,39.560528
2003-01-16,49.900002,50.139999,49.299999,49.740002,27600,39.712219
2003-01-17,49.48,49.880001,49.18,49.360001,137500,39.408833
2003-01-21,49.75,49.75,49.09,49.189999,34100,39.273087
2003-01-22,49.009998,49.549999,48.91,49.150002,71900,39.241154
2003-01-23,49.360001,49.470001,49.009998,49.299999,54100,39.360931
2003-01-24,49.02,49.029999,47.84,47.93,63800,38.267136
2003-01-27,47.389999,47.66,46.810001,47.080002,122400,37.588497
2003-01-28,47.150002,48.029999,46.950001,47.900002,74400,38.243176
2003-01-29,47.400002,48.639999,47.299999,48.400002,78000,38.642361
2003-01-30,48.5,48.5,47.380001,47.599998,91500,38.003647
2003-01-31,47.349998,48.41,47.349998,48.389999,86400,38.634377
2003-02-03,48.25,48.59,48.110001,48.299999,25900,38.562534
2003-02-04,47.799999,47.799999,46.93,47.279999,62600,37.748165
2003-02-05,47.599998,48.259998,47.139999,47.400002,19800,37.843975
2003-02-06,47.200001,47.400002,46.619999,47.240002,25500,37.716236
2003-02-07,47.150002,47.150002,46.529999,46.810001,33900,37.372902
2003-02-10,46.799999,47.369999,46.580002,47.32,22900,37.780098
2003-02-11,47.5,47.709999,46.759998,46.880001,22000,37.428822
2003-02-12,46.75,47,46.009998,46.130001,157200,36.830017
2003-02-13,46,46,45,45.799999,224200,36.566532
2003-02-14,45.75,46.119999,45.310001,45.950001,52800,36.686283
2003-02-18,46.900002,47.389999,46.5,47.349998,123500,37.804058
2003-02-19,47.049999,47.400002,46.830002,47.049999,22900,37.564537
2003-02-20,47.25,47.25,46.580002,46.599998,19900,37.205246
2003-02-21,46.450001,47.400002,46.099998,47.189999,148300,37.676308
2003-02-24,47.099998,47.099998,46.200001,46.25,62000,36.925812
2003-02-25,45.75,46.459999,45.5,46.459999,24200,37.093483
2003-02-26,46.599998,47.209999,46.360001,46.490002,12400,37.117435
2003-02-27,46.549999,47.349998,46.549999,47.049999,15700,37.564537
2003-02-28,47.290001,47.540001,47.029999,47.25,39400,37.724228
2003-03-03,47.900002,47.950001,46.650002,46.779999,31400,37.348965
2003-03-04,46.740002,46.970001,46.259998,46.259998,32200,36.933819
2003-03-05,46.200001,47.130001,46.200001,46.990002,43500,37.516624
2003-03-06,46.950001,47.169998,46.689999,47.040001,25900,37.556549
2003-03-07,46.25,47.5,46.25,47.400002,42900,37.925407
2003-03-10,47.049999,47.09,46.5,46.599998,22300,37.285286
2003-03-11,46.5,46.529999,45.810001,46.119999,20800,36.90126
2003-03-12,45.950001,46.220001,45.330002,46.150002,106800,36.925255
2003-03-13,46.400002,46.740002,46.02,46.73,26000,37.389317
2003-03-14,46.950001,47.189999,46.299999,46.5,356300,37.205322
2003-03-17,46.5,47.880001,46.290001,47.799999,28300,38.245445
2003-03-18,48.299999,48.369999,47.799999,48.360001,124200,38.693504
2003-03-19,48.349998,49.009998,48.150002,48.970001,155600,39.181583
2003-03-20,48.849998,48.950001,48.009998,48.709999,18400,38.973545
2003-03-21,49.549999,50.119999,49.029999,50.110001,68200,40.093708
2003-03-24,49,49.27,48.580002,48.700001,106100,38.965546
2003-03-25,48.599998,49.93,48.57,49.75,70100,39.805672
2003-03-26,49.599998,49.650002,49.200001,49.200001,92200,39.365612
2003-03-27,48.75,49.700001,48.610001,49.25,76700,39.405609
2003-03-28,49.299999,49.849998,49.25,49.650002,45800,39.725658
2003-03-31,49.299999,49.540001,48.619999,49.060001,13000,39.253609
2003-04-01,49.200001,49.689999,48.98,49.549999,43500,39.645645
2003-04-02,50.349998,50.720001,50.25,50.450001,194600,40.365757
2003-04-03,50.349998,50.59,50.009998,50.349998,190700,40.285725
2003-04-04,50.400002,50.59,50.139999,50.400002,36600,40.325741
2003-04-07,50.889999,51.599998,49.720001,49.720001,84500,39.781673
2003-04-08,49.720001,50.150002,49.700001,49.93,50400,39.949684
2003-04-09,50.02,50.459999,49.349998,49.450001,68700,39.565639
2003-04-10,49.049999,49.34,48.75,49.299999,16500,39.44561
2003-04-11,49.950001,49.950001,48.810001,49,30900,39.205578
2003-04-14,49.240002,49.849998,49.099998,49.849998,24900,39.885677
2003-04-15,49.849998,49.849998,49.240002,49.599998,152700,39.685665
2003-04-16,49.900002,49.900002,48.16,48.369999,48500,38.701523
2003-04-17,48.599998,48.900002,48.349998,48.880001,49300,39.10957
2003-04-21,49.099998,49.439999,48.75,48.970001,28400,39.181583
2003-04-22,48.799999,49.98,48.610001,49.900002,39200,39.925701
2003-04-23,50.5,50.639999,50.049999,50.41,183300,40.333744
2003-04-24,50.25,50.900002,50.07,50.48,247900,40.389755
2003-04-25,50.700001,50.799999,49.860001,50,35000,40.005722
2003-04-28,49.849998,50.689999,49.740002,50.369999,236500,40.301746
2003-04-29,50.599998,50.970001,50.290001,50.84,32300,40.677792
2003-04-30,50.599998,51.139999,50.330002,50.700001,213300,40.565781
2003-05-01,50.700001,51.240002,50.119999,50.849998,47400,40.685799
2003-05-02,50.700001,51.889999,50.700001,51.799999,25900,41.445904
2003-05-05,51.849998,52.220001,51.580002,51.73,86800,41.389889
2003-05-06,51.700001,52.07,51.509998,51.889999,125200,41.517925
2003-05-07,51.75,51.98,51.389999,51.580002,23500,41.269871
2003-05-08,51.450001,51.669998,51.110001,51.299999,33300,41.045834
2003-05-09,51.200001,51.830002,51.200001,51.66,49500,41.333889
2003-05-12,51.5,52.490002,51.450001,52.290001,24500,41.837959
2003-05-13,52.200001,52.720001,52.130001,52.389999,54600,41.917973
2003-05-14,52.700001,52.849998,52.16,52.400002,35200,41.92598
2003-05-15,52.900002,52.98,52.389999,52.810001,83200,42.254032
2003-05-16,52.900002,53.110001,52.560001,52.950001,138200,42.366043
2003-05-19,52.650002,52.950001,50.880001,51.110001,152200,40.893826
2003-05-20,50.900002,50.900002,50.02,50.5,60300,40.40575
2003-05-21,50.299999,51.040001,50.299999,51.029999,82800,40.829823
2003-05-22,51.009998,51.900002,51.009998,51.549999,55300,41.24588
2003-05-23,51.700001,51.700001,51.169998,51.400002,20900,41.125854
2003-05-27,51.299999,52.419998,51.16,52.27,216400,41.821957
2003-05-28,52.490002,52.490002,52.049999,52.299999,33100,41.845974
2003-05-29,52.400002,52.650002,51.650002,51.849998,67900,41.485916
2003-05-30,52,52.470001,51.919998,52.470001,41000,41.981979
2003-06-02,53.5,53.5,52.009998,52.009998,256900,41.613922
2003-06-03,52.25,52.689999,52.16,52.549999,37500,42.045994
2003-06-04,52.700001,53.419998,52.529999,53.330002,41500,42.670074
2003-06-05,53.200001,54.02,52.82,54.02,76700,43.222149
2003-06-06,54.68,55.48,54.130001,54.189999,73700,43.358192
2003-06-09,54.25,54.32,53.459999,53.560001,38200,42.854118
2003-06-10,53.799999,54.18,53.549999,54.049999,39500,43.246166
2003-06-11,54.290001,54.990002,54.18,54.990002,61200,43.998272
2003-06-12,55.5,55.5,54.75,55.139999,63800,44.11829
2003-06-13,55.099998,55.220001,54.240002,54.57,41700,43.741535
2003-06-16,55.099998,56.209999,55.009998,56,64000,44.887817
2003-06-17,56.599998,57.68,56.59,57.330002,145200,45.953884
2003-06-18,57.299999,57.459999,56.5,56.900002,61000,45.6092
2003-06-19,57.099998,57.099998,55.279999,55.450001,62900,44.446922
2003-06-20,55.950001,56.290001,55.529999,56.009998,54100,44.895813
2003-06-23,55.599998,55.68,54.630001,55,83500,44.086216
2003-06-24,55,55.450001,54.77,55.25,123900,44.286617
2003-06-25,55.25,55.560001,54.509998,54.599998,87500,43.765598
2003-06-26,54.599998,55.700001,54.549999,55.5,30600,44.487015
2003-06-27,55.549999,55.650002,54.740002,54.77,45300,43.901878
2003-06-30,54.849998,55.07,54.150002,54.490002,46100,43.677422
2003-07-01,54,54.830002,53.470001,54.650002,144500,43.805687
2003-07-02,54.849998,55.400002,54.75,55.25,85500,44.286617
2003-07-03,55.099998,55.369999,54.700001,54.849998,35400,43.965984
2003-07-07,55.549999,55.650002,55.27,55.400002,72100,44.406857
2003-07-08,55.639999,55.669998,55.23,55.57,74400,44.543118
2003-07-09,55.639999,55.759998,55.060001,55.400002,89700,44.406857
2003-07-10,55.25,55.25,54.560001,54.939999,17400,44.03812
2003-07-11,54.810001,55.57,54.810001,55.330002,39200,44.350754
2003-07-14,56.049999,56.189999,55.48,55.48,124000,44.470993
2003-07-15,55.900002,55.990002,55.18,55.389999,88500,44.398834
2003-07-16,55.389999,55.389999,54.709999,54.740002,39600,43.877819
2003-07-17,54.700001,55.130001,54.25,54.5,124600,43.685429
2003-07-18,54.75,55.099998,54.299999,54.990002,25700,44.078213
2003-07-21,54.599998,54.599998,53.860001,54.099998,50500,43.364819
2003-07-22,54.400002,54.400002,53.509998,53.950001,88600,43.244583
2003-07-23,54.200001,54.57,53.599998,54.450001,21200,43.645363
2003-07-24,54.869999,54.919998,54,54.119999,26600,43.380848
2003-07-25,54,54.59,53.5,54.59,29500,43.757587
2003-07-28,54.599998,54.77,54.290001,54.389999,39700,43.597271
2003-07-29,54.43,54.740002,53.900002,54.290001,40000,43.517097
2003-07-30,54.25,54.740002,54.25,54.450001,93300,43.645363
2003-07-31,54.75,55.34,54.240002,54.5,148700,43.685429
2003-08-01,53.900002,53.900002,53.360001,53.650002,30100,43.004093
2003-08-04,53,53.84,52.720001,53.549999,251200,42.923958
2003-08-05,53.549999,53.740002,52.560001,52.560001,153900,42.13039
2003-08-06,52.150002,52.82,52.09,52.349998,71900,41.962051
2003-08-07,52.25,53.400002,52.25,53.169998,20700,42.61935
2003-08-08,53.400002,53.650002,53.099998,53.400002,38000,42.803711
2003-08-11,53.150002,53.740002,53.099998,53.259998,16600,42.691483
2003-08-12,53.5,53.599998,53.060001,53.599998,20800,42.964027
2003-08-13,53.549999,53.549999,52.549999,52.860001,33400,42.370872
2003-08-14,52.650002,52.950001,52.400002,52.790001,33400,42.314754
2003-08-15,52.869999,52.869999,52.549999,52.549999,12200,42.122372
2003-08-18,52.900002,53.16,52.82,53.150002,288400,42.603321
2003-08-19,53.220001,53.290001,52.560001,52.849998,81100,42.36285
2003-08-20,52.400002,53,52.400002,52.869999,70600,42.378895
2003-08-21,52.830002,53,52.41,52.700001,101100,42.242611
2003-08-22,52.700001,52.790001,51.889999,51.900002,146400,41.60136
2003-08-25,51.860001,52.220001,51.860001,52.189999,49400,41.833817
2003-08-26,51.939999,52.5,51.599998,52.5,26700,42.082314
2003-08-27,52.400002,52.400002,52.009998,52.200001,81300,41.841835
2003-08-28,52.119999,52.450001,51.91,52.349998,55400,41.962051
2003-08-29,52.380001,52.700001,52.259998,52.52,37000,42.098339
2003-09-02,52.900002,53.599998,52.560001,53.59,173300,42.956009
2003-09-03,53.75,53.75,53.189999,53.209999,155200,42.651417
2003-09-04,53.299999,53.470001,52.91,53.439999,77300,42.835773
2003-09-05,53.380001,53.68,53.110001,53.330002,87700,42.747604
2003-09-08,53.75,54.48,53.560001,54.389999,89100,43.597271
2003-09-09,54.5,55.509998,54.02,54.450001,79500,43.645363
2003-09-10,54.599998,54.939999,54.400002,54.540001,285700,43.71751
2003-09-11,54.740002,54.91,54.540001,54.740002,41600,43.877819
2003-09-12,54.639999,54.790001,54.209999,54.790001,63400,44.003117
2003-09-15,54.799999,54.880001,54.299999,54.48,28200,43.754128
2003-09-16,54.48,54.869999,54.43,54.799999,74500,44.011116
2003-09-17,54.849998,54.950001,54.610001,54.799999,46700,44.011116
2003-09-18,54.889999,55.200001,54.82,55.080002,33800,44.236015
2003-09-19,54.98,55,54.400002,54.5,49000,43.770199
2003-09-22,53.900002,54,53.619999,53.810001,131000,43.216053
2003-09-23,54,54.380001,53.900002,54.099998,29300,43.448948
2003-09-24,54.299999,54.299999,53.09,53.099998,118600,42.64584
2003-09-25,53.110001,53.310001,52.59,52.599998,107300,42.24427
2003-09-26,52.5,52.68,52.25,52.310001,39500,42.011364
2003-09-29,52.5,52.82,52.049999,52.799999,22400,42.404896
2003-09-30,52.919998,52.950001,52.259998,52.779999,91800,42.388828
2003-10-01,52.919998,53.529999,52.650002,53.529999,39800,42.991158
2003-10-02,53.5,53.970001,53.43,53.77,40600,43.183907
2003-10-03,54.540001,54.540001,53.509998,53.900002,73200,43.288326
2003-10-06,53.73,53.73,53.259998,53.400002,115900,42.886757
2003-10-07,53.16,53.509998,53.040001,53.509998,131800,42.975117
2003-10-08,53.540001,53.540001,53.07,53.220001,76900,42.742207
2003-10-09,53.779999,53.830002,53.049999,53.169998,68200,42.702053
2003-10-10,53.25,53.43,53.029999,53.27,126900,42.782349
2003-10-13,53.470001,53.669998,53.209999,53.209999,30600,42.734165
2003-10-14,53.220001,53.599998,53.130001,53.43,142300,42.910854
2003-10-15,53.599998,53.639999,53,53.23,68800,42.750229
2003-10-16,53.25,53.700001,53.23,53.540001,24000,42.999199
2003-10-17,53.48,53.59,52.799999,52.900002,51200,42.485214
2003-10-20,53.049999,53.150002,52.700001,53.099998,78600,42.64584
2003-10-21,53.099998,53.830002,53.099998,53.73,39800,43.151791
2003-10-22,53.139999,53.139999,52,52.189999,193500,41.914993
2003-10-23,52.009998,52.799999,52.009998,52.580002,45400,42.228203
2003-10-24,52.299999,52.98,52.23,52.98,21600,42.549446
2003-10-27,53.099998,53.240002,52.66,52.689999,36200,42.316544
2003-10-28,52.799999,53.349998,52.799999,53.299999,207100,42.806435
2003-10-29,53.349998,53.360001,52.740002,52.970001,35500,42.54142
2003-10-30,53.5,53.5,52.560001,52.580002,53600,42.228203
2003-10-31,53.18,53.380001,52.919998,53.330002,132300,42.830551
2003-11-03,53.16,53.5,53.080002,53.169998,109200,42.702053
2003-11-04,52.91,52.990002,52.529999,52.529999,66900,42.188065
2003-11-05,52.669998,53.130001,52.5,52.75,33500,42.364731
2003-11-06,52.529999,53.099998,52.34,53,86300,42.565521
2003-11-07,53,53.150002,52.5,52.52,51200,42.180008
2003-11-10,52.400002,52.509998,52.029999,52.200001,61600,41.923023
2003-11-11,52.07,52.25,51.740002,52.09,74100,41.834675
2003-11-12,52.349998,53.169998,52.25,52.959999,54800,42.533394
2003-11-13,52.849998,54.599998,52.849998,54.48,170200,43.754128
2003-11-14,55.25,55.349998,54.73,54.880001,226700,44.075386
2003-11-17,54.599998,54.740002,54.18,54.740002,106700,43.962955
2003-11-18,54.900002,55.07,54.349998,54.529999,75000,43.794285
2003-11-19,54.560001,55.009998,54.400002,54.799999,42700,44.011116
2003-11-20,54.650002,54.869999,54.049999,54.049999,49900,43.408791
2003-11-21,54.029999,54.049999,53.400002,53.66,92600,43.095585
2003-11-24,53.799999,54.599998,53.799999,54.450001,77900,43.730042
2003-11-25,54.68,54.68,54.07,54.380001,89100,43.673828
2003-11-26,54.5,54.509998,53.889999,54.459999,56000,43.738079
2003-11-28,54.380001,54.419998,54.200001,54.330002,72500,43.633675
2003-12-01,54.57,55.25,54.57,55.25,70200,44.372536
2003-12-02,55.200001,55.560001,55.040001,55.27,86100,44.388599
2003-12-03,55.84,55.849998,55.349998,55.369999,70100,44.468922
2003-12-04,55.450001,55.490002,54.939999,55.259998,44900,44.380554
2003-12-05,55.259998,55.259998,54.84,55,46400,44.171757
2003-12-08,55.049999,55.389999,54.77,55.389999,38500,44.484982
2003-12-09,55.540001,55.540001,55.009998,55.16,39500,44.300259
2003-12-10,54.75,55.080002,54.450001,54.700001,41200,43.93082
2003-12-11,54.57,55.580002,54.57,55.41,43600,44.501038
2003-12-12,55.419998,55.470001,55.080002,55.27,69300,44.478508
2003-12-15,55.849998,55.849998,55.139999,55.200001,97000,44.422184
2003-12-16,55.349998,55.439999,55.09,55.209999,41800,44.5149
2003-12-17,55.400002,55.540001,55.099998,55.5,52000,44.748734
2003-12-18,55.700001,56,55.57,55.98,106000,45.135727
2003-12-19,56.119999,56.18,55.66,55.939999,217800,45.103489
2003-12-22,55.669998,56.049999,55.66,55.959999,63700,45.119629
2003-12-23,56.099998,56.139999,55.810001,56.02,150200,45.167984
2003-12-24,56.099998,56.349998,55.950001,56.27,32500,45.369553
2003-12-26,56.299999,56.43,56.110001,56.34,21800,45.425991
2003-12-29,56.650002,56.939999,56.459999,56.810001,52400,45.804955
2003-12-30,57.139999,57.169998,56.82,57.080002,216000,46.022648
2003-12-31,57.220001,57.299999,56.880001,56.98,119400,45.942013
2004-01-02,57.240002,57.779999,57.240002,57.299999,236900,46.200027
2004-01-05,57.900002,57.900002,57.18,57.549999,254000,46.401577
2004-01-06,57.689999,57.779999,57.41,57.779999,100000,46.587055
2004-01-07,57.779999,58.09,57.450001,58.09,71700,46.83699
2004-01-08,58.139999,58.25,57.540001,57.889999,212100,46.675724
2004-01-09,57.880001,57.959999,57.349998,57.599998,56400,46.441906
2004-01-12,57.75,57.790001,57.27,57.470001,90200,46.337097
2004-01-13,57.68,57.779999,57.110001,57.209999,46700,46.127468
2004-01-14,57.549999,57.75,57.27,57.57,68800,46.417725
2004-01-15,57.799999,58.130001,57.299999,57.950001,83800,46.724113
2004-01-16,57.91,58.049999,57.740002,58.040001,142400,46.796669
2004-01-20,58.380001,58.41,57.900002,57.900002,97900,46.6838
2004-01-21,58.23,58.919998,58.049999,58.849998,75800,47.449783
2004-01-22,59.25,59.25,58.75,58.799999,107600,47.409466
2004-01-23,59.080002,59.09,58.43,58.73,88700,47.353008
2004-01-26,58.889999,59.599998,58.720001,59.599998,85900,48.054489
2004-01-27,59.599998,59.610001,58.939999,59.049999,142800,47.611031
2004-01-28,59.25,59.27,58.32,58.5,106000,47.167564
2004-01-29,58.580002,59.240002,58.23,59.240002,73000,47.764225
2004-01-30,59.040001,59.16,58.529999,58.93,43600,47.514267
2004-02-02,59.119999,59.889999,58.860001,59.540001,133500,48.006100000000004
2004-02-03,59.650002,59.959999,59.380001,59.939999,96700,48.328617
2004-02-04,59.939999,60.310001,59.75,60,148700,48.376995
2004-02-05,59.990002,60,59.369999,59.700001,152300,48.135101
2004-02-06,59.700001,60.189999,59.41,60.18,121900,48.522125
2004-02-09,60.200001,60.200001,59.66,59.720001,78400,48.151241
2004-02-10,59.849998,60.150002,59.59,60.150002,107800,48.49794
2004-02-11,60.099998,60.599998,59.759998,60.599998,101100,48.860771
2004-02-12,60.619999,60.669998,60.080002,60.240002,59900,48.570511
2004-02-13,60.450001,60.470001,59.860001,60.099998,92000,48.457619
2004-02-17,60.43,60.48,60.200001,60.450001,80100,48.739822
2004-02-18,60.59,60.59,59.970001,60.119999,46400,48.473751
2004-02-19,60.220001,60.419998,59.799999,59.830002,89100,48.239933
2004-02-20,59.950001,59.970001,59.240002,59.650002,210000,48.094795
2004-02-23,59.650002,59.779999,59.099998,59.200001,112900,47.731956
2004-02-24,59.380001,59.68,59.099998,59.549999,180100,48.014164
2004-02-25,59.5,59.650002,59.299999,59.639999,88000,48.086735
2004-02-26,59.68,59.75,59.25,59.700001,96200,48.135101
2004-02-27,59.849998,59.950001,59.43,59.619999,73600,48.070602
2004-03-01,59.599998,60,59.349998,59.919998,55500,48.312508
2004-03-02,59.880001,59.939999,59.369999,59.450001,126600,47.933533
2004-03-03,59.5,59.93,59.110001,59.720001,72400,48.151241
2004-03-04,59.98,60.189999,59.82,60.18,37600,48.522125
2004-03-05,59.950001,60.68,59.84,60.59,49200,48.852692
2004-03-08,60.650002,60.75,60.189999,60.220001,143300,48.554367
2004-03-09,60.23,60.389999,59.509998,59.610001,56200,48.062546
2004-03-10,59.549999,59.619999,58.509998,58.599998,163200,47.248184
2004-03-11,57.93,58.509998,57.52,57.66,222900,46.490288
2004-03-12,57.700001,58.09,57.57,57.810001,125900,46.611229
2004-03-15,57.84,57.900002,57.200001,57.389999,123300,46.272614
2004-03-16,57.919998,57.919998,57.049999,57.740002,53200,46.554802
2004-03-17,57.900002,57.939999,57.509998,57.639999,73200,46.474174
2004-03-18,57.509998,57.82,57.099998,57.650002,50600,46.482231
2004-03-19,57.57,57.580002,56.82,56.82,69700,45.813007
2004-03-22,56.41,56.689999,55.880001,56.049999,89000,45.192162
2004-03-23,56.470001,56.669998,55.939999,56.150002,48700,45.272789
2004-03-24,56.349998,56.389999,55.700001,55.959999,132800,45.119629
2004-03-25,56.349998,56.599998,55.759998,56.369999,145200,45.450176
2004-03-26,56.400002,56.66,56.099998,56.450001,74500,45.578571
2004-03-29,56.779999,57.369999,56.779999,57.23,56200,46.20837
2004-03-30,57.290001,57.310001,56.740002,57.18,35200,46.167988
2004-03-31,57.490002,57.619999,57.099998,57.400002,75900,46.345608
2004-04-01,57.73,58.09,57.73,57.950001,71000,46.789688
2004-04-02,58.77,58.799999,58.360001,58.650002,511300,47.354877
2004-04-05,58.849998,59.349998,58.799999,59.25,131600,47.839333
2004-04-06,59.16,59.200001,58.77,59.200001,82800,47.798965
2004-04-07,59.040001,59.130001,58.689999,58.830002,60100,47.500217
2004-04-08,59.029999,59.32,58.349998,58.66,144700,47.362942
2004-04-12,58.830002,58.919998,58.560001,58.900002,64700,47.556747
2004-04-13,59.279999,59.299999,58.279999,58.279999,52100,47.056137
2004-04-14,57.939999,58.93,57.93,58.82,194200,47.492142
2004-04-15,59.099998,59.869999,58.810001,59.82,124000,48.299553
2004-04-16,59.970001,60.25,59.630001,60.16,103300,48.574074
2004-04-19,60.25,60.27,59.830002,60,132000,48.444881
2004-04-20,60.16,60.25,59.290001,59.299999,45000,47.879707
2004-04-21,59.380001,60.189999,59.240002,60,41700,48.444881
2004-04-22,59.98,60.560001,59.59,60.439999,51000,48.800156
2004-04-23,60.400002,60.419998,59.939999,60.009998,38000,48.452965
2004-04-26,60.299999,60.75,60.18,60.400002,175300,48.767864
2004-04-27,60.52,60.900002,60.169998,60.459999,143900,48.816292
2004-04-28,59.950001,60.200001,59.450001,59.720001,144900,48.218811
2004-04-29,59.75,59.830002,58.919998,59.150002,70500,47.758595
2004-04-30,59.200001,59.509998,59.029999,59.029999,58700,47.661709
2004-05-03,59.25,59.860001,59.25,59.830002,196600,48.307629
2004-05-04,59.830002,59.990002,59.34,59.759998,178300,48.251102
2004-05-05,59.810001,60.330002,59.650002,60.150002,67500,48.566006
2004-05-06,59.849998,60.169998,59.349998,59.720001,46600,48.218811
2004-05-07,59.799999,60.119999,59.200001,59.380001,164800,47.944286
2004-05-10,58.700001,59.049999,57.959999,58.25,186700,47.031902
2004-05-11,58.549999,58.700001,58.220001,58.599998,123300,47.314487
2004-05-12,58.700001,58.889999,57.669998,58.799999,103000,47.475998
2004-05-13,58.799999,59,58.43,58.830002,101300,47.500217
2004-05-14,58.68,59.200001,58.400002,58.799999,63900,47.475998
2004-05-17,58.450001,58.82,58.02,58.349998,78500,47.112652
2004-05-18,58.450001,58.77,58.41,58.619999,111400,47.33065
2004-05-19,58.880001,58.98,58.02,58.16,51500,46.959244
2004-05-20,58.16,58.169998,57.5,57.790001,43600,46.660519
2004-05-21,57.720001,58.099998,57.580002,57.889999,69800,46.741257
2004-05-24,57.950001,58.060001,57.349998,57.450001,146000,46.385983
2004-05-25,57.450001,58.299999,57.349998,58.200001,81900,46.991535
2004-05-26,58.23,58.59,58.139999,58.450001,57400,47.19339
2004-05-27,58.580002,59.099998,58.549999,59.099998,42100,47.718212
2004-05-28,59.099998,59.099998,58.669998,59.049999,156900,47.677841
2004-06-01,58.98,59.419998,58.75,59.419998,117200,47.976589
2004-06-02,59.759998,59.799999,59.279999,59.669998,55500,48.17844
2004-06-03,59.400002,59.880001,59.259998,59.259998,37700,47.847397
2004-06-04,59.689999,59.900002,59.400002,59.549999,56800,48.081551
2004-06-07,59.75,60.049999,59.549999,59.919998,86900,48.380318
2004-06-08,59.77,60.099998,59.77,60.099998,64300,48.525639
2004-06-09,60.049999,60.060001,59.23,59.240002,59300,47.831264
2004-06-10,59.450001,59.450001,59.009998,59.09,42300,47.71014
2004-06-14,59.09,59.130001,58.68,58.849998,84800,47.516369
2004-06-15,58.900002,59.200001,58.709999,59.139999,75400,47.750526
2004-06-16,58.84,59.200001,58.82,59.18,34600,47.782825
2004-06-17,59.080002,59.119999,58.689999,59.009998,38600,47.645546
2004-06-18,59.07,59.380001,59.009998,59.130001,40700,47.742451
2004-06-21,59.139999,59.139999,58.650002,58.650002,116200,47.354877
2004-06-22,58.799999,58.799999,58.119999,58.490002,68100,47.225704
2004-06-23,58.41,58.970001,58.310001,58.950001,165700,47.597115
2004-06-24,58.880001,59.07,58.790001,58.91,62300,47.564823
2004-06-25,58.52,58.73,58.189999,58.369999,132800,47.208138
2004-06-28,58.52,58.52,57.869999,57.950001,81500,46.868454
2004-06-29,58,58.630001,58,58.34,271600,47.183891
2004-06-30,58.580002,58.869999,58.34,58.669998,75700,47.450779
2004-07-01,58.82,58.880001,57.91,58.299999,192100,47.15152
2004-07-02,58.25,58.5,58,58.169998,44200,47.046383
2004-07-06,58.099998,58.099998,57.5,57.619999,48600,46.601559
2004-07-07,57.700001,57.75,57.369999,57.540001,42800,46.536854
2004-07-08,57.400002,58.040001,57.18,57.18,39600,46.245708
2004-07-09,57.599998,57.630001,57.060001,57.060001,51000,46.148651
2004-07-12,57.009998,57.189999,56.68,56.799999,175300,45.938366
2004-07-13,56.950001,57.439999,56.950001,57.400002,45100,46.423637
2004-07-14,57.25,58.009998,57.25,57.580002,48400,46.569202
2004-07-15,57.77,57.84,57,57,87100,46.100124
2004-07-16,57.029999,57.189999,56.5,56.57,32000,45.75235
2004-07-19,56.610001,56.779999,55.860001,56.25,72600,45.493542
2004-07-20,56.400002,56.5,56.080002,56.439999,216900,45.647213
2004-07-21,56.700001,56.889999,55.669998,55.669998,108200,45.024445
2004-07-22,55.650002,56.080002,55.25,55.790001,74100,45.121506
2004-07-23,55.849998,55.849998,55.110001,55.369999,154800,44.781818
2004-07-26,55.060001,55.240002,54.299999,54.68,85500,44.223759
2004-07-27,54.959999,55.389999,54.57,55.200001,264200,44.644333
2004-07-28,55.200001,55.27,54.189999,54.939999,128400,44.434044
2004-07-29,55.150002,55.57,54.77,55.32,88800,44.741379
2004-07-30,55.32,55.650002,55.150002,55.459999,43300,44.854599
2004-08-02,55.32,55.709999,55.299999,55.419998,106600,44.822254
2004-08-03,55.34,55.790001,55.27,55.27,60600,44.700935
2004-08-04,55.509998,55.509998,54.91,55.16,57000,44.611984
2004-08-05,55.349998,55.349998,54.169998,54.279999,43900,43.900249
2004-08-06,53.549999,53.68,53.240002,53.419998,242700,43.204712
2004-08-09,53.330002,53.580002,53.169998,53.23,47000,43.05106
2004-08-10,53.299999,54,53.259998,54,107000,43.67379
2004-08-11,53.799999,55.080002,53.799999,54.869999,69200,44.377422
2004-08-12,54.75,55.099998,54.490002,54.540001,68800,44.110546
2004-08-13,54.75,54.779999,53.990002,54.119999,71300,43.770844
2004-08-16,54.119999,55.09,54.119999,54.900002,37900,44.401699
2004-08-17,55.130001,55.200001,54.880001,54.950001,51500,44.442135
2004-08-18,55.099998,55.91,54.860001,55.82,32700,45.145775
2004-08-19,55.799999,55.849998,55.369999,55.57,47300,44.943573
2004-08-20,55.5,56.200001,55.5,56.16,36000,45.42075
2004-08-23,56.099998,56.330002,55.84,55.990002,183200,45.283253
2004-08-24,56.400002,56.400002,55.869999,55.959999,61100,45.259007
2004-08-25,55.950001,56.549999,55.919998,56.52,26500,45.711903
2004-08-26,56.48,56.549999,56.220001,56.5,54300,45.695721
2004-08-27,56.439999,57,56.439999,56.860001,36000,45.986893
2004-08-30,56.799999,56.799999,56.16,56.16,39000,45.42075
2004-08-31,56.279999,56.490002,56.060001,56.490002,54600,45.687634
2004-09-01,56.32,56.830002,56.32,56.66,43000,45.825134
2004-09-02,56.900002,57.380001,56.639999,57.23,84900,46.28614
2004-09-03,57.450001,57.669998,57.169998,57.18,42800,46.245708
2004-09-07,57.799999,57.799999,57.23,57.459999,65500,46.472153
2004-09-08,57.400002,57.639999,57.349998,57.349998,49900,46.38319
2004-09-09,57.59,57.59,57.099998,57.150002,69300,46.221436
2004-09-10,56.849998,57.259998,56.75,57.150002,60900,46.221436
2004-09-13,57.099998,57.57,57.099998,57.380001,67400,46.40744
2004-09-14,57.419998,57.939999,57.419998,57.790001,61200,46.739067
2004-09-15,57.75,57.790001,57.5,57.509998,73500,46.512592
2004-09-16,57.700001,57.75,57.439999,57.580002,38200,46.569202
2004-09-17,57.799999,57.82,57.470001,57.630001,26900,46.609657
2004-09-20,57.419998,57.610001,57.009998,57.25,38500,46.302319
2004-09-21,57.18,57.669998,57.110001,57.540001,36800,46.536854
2004-09-22,57.299999,57.299999,56.619999,56.73,43000,45.881748
2004-09-23,56.700001,56.900002,56.41,56.41,33400,45.622929
2004-09-24,56.299999,56.709999,56.25,56.470001,53800,45.757442
2004-09-27,56.150002,56.43,56,56,28300,45.376621
2004-09-28,56.049999,56.799999,55.93,56.650002,45100,45.903316
2004-09-29,56.799999,56.799999,56.419998,56.700001,53900,45.943813
2004-09-30,55.849998,56.740002,55.52,55.740002,205400,45.165936
2004-10-01,56.200001,56.439999,56.040001,56.400002,72900,45.700741
2004-10-04,56.349998,56.849998,56.349998,56.720001,124800,45.96003
2004-10-05,56.799999,56.830002,56.360001,56.41,46400,45.708824
2004-10-06,56.490002,56.509998,55.93,56.32,143000,45.635902
2004-10-07,56.07,56.07,54.849998,54.900002,164400,44.485287
2004-10-08,54.700001,55.200001,54.34,54.529999,80700,44.185474
2004-10-11,54.450001,54.830002,54.450001,54.75,41800,44.363743
2004-10-12,54.529999,54.830002,54.23,54.669998,80300,44.298939
2004-10-13,54.790001,54.790001,54,54.18,82400,43.901894
2004-10-14,54.450001,54.48,53.73,53.82,39900,43.610168
2004-10-15,53.990002,53.990002,53.139999,53.84,102000,43.626354
2004-10-18,53.900002,54.450001,53.869999,54.349998,57900,44.039627
2004-10-19,54.419998,54.419998,53.419998,53.5,91800,43.350876
2004-10-20,53.23,53.700001,53.049999,53.700001,98200,43.512943
2004-10-21,53.639999,53.639999,52.799999,53.07,172900,43.002438
2004-10-22,53.23,53.23,52.619999,52.619999,82800,42.637817
2004-10-25,52.369999,52.43,52.009998,52.279999,195000,42.362305
2004-10-26,52.5,53.290001,52.290001,53.290001,159000,43.180702
2004-10-27,53.75,54.75,53.439999,54.75,169000,44.363743
2004-10-28,54.599998,54.740002,54.360001,54.549999,102700,44.201683
2004-10-29,54.950001,54.950001,54.16,54.619999,106800,44.2584
2004-11-01,54.400002,54.400002,53.91,54.02,73300,43.772221
2004-11-02,54.349998,54.75,53.400002,53.400002,136600,43.26984
2004-11-03,56.25,56.25,55.060001,55.43,448100,44.914753
2004-11-04,55.5,55.509998,54.5,55.419998,133200,44.906639
2004-11-05,55.900002,56.09,55.48,55.939999,341700,45.327991
2004-11-08,55.939999,55.939999,55.419998,55.650002,78600,45.093006
2004-11-09,55.599998,56.080002,55.599998,55.810001,68100,45.222668
2004-11-10,55.709999,56.07,55.400002,55.66,123900,45.10112
2004-11-11,55.959999,56.279999,55.709999,56.060001,127900,45.425243
2004-11-12,56.200001,56.200001,55.549999,56.07,124500,45.433342
2004-11-15,56.16,56.52,55.869999,56.349998,84900,45.660206
2004-11-16,56.150002,56.439999,55.939999,55.939999,84500,45.327991
2004-11-17,56.41,56.490002,55.849998,55.939999,74300,45.327991
2004-11-18,56.040001,56.110001,55.740002,55.959999,153400,45.344208
2004-11-19,56,56,55.16,55.16,97500,44.695957
2004-11-22,55.02,55.43,54.82,55.32,91700,44.825607
2004-11-23,55.099998,55.310001,54.889999,55.110001,54000,44.655445
2004-11-24,55.630001,55.630001,55.07,55.34,73400,44.841831
2004-11-26,55.299999,55.889999,55.299999,55.630001,23500,45.076797
2004-11-29,55.950001,55.950001,55.400002,55.630001,160400,45.076797
2004-11-30,55.759998,55.93,55.560001,55.759998,397000,45.182144
2004-12-01,56.349998,56.669998,55.990002,56.669998,211900,45.91951
2004-12-02,56.93,57.34,56.66,57.279999,216900,46.413799
2004-12-03,57.349998,57.5,56.5,56.5,774100,45.78175
2004-12-06,56.450001,56.849998,56.310001,56.639999,191100,45.895199
2004-12-07,56.25,56.959999,56.07,56.07,90700,45.433342
2004-12-08,56.549999,57.060001,56.290001,57.009998,118700,46.195004
2004-12-09,56.759998,57.5,56.380001,57.490002,122400,46.583954
2004-12-10,57.490002,57.490002,57.049999,57.360001,60800,46.478611
2004-12-13,57.57,57.700001,57.080002,57.610001,78800,46.68119
2004-12-14,57.509998,58.119999,57.509998,58.009998,114200,47.00531
2004-12-15,58.25,58.299999,57.689999,58.299999,949400,47.240299
2004-12-16,58.59,59.119999,58.490002,59.060001,731500,47.856129
2004-12-17,57.720001,58.240002,57.009998,58.139999,171400,47.110645
2004-12-20,58.139999,58.240002,57.32,57.459999,141500,46.559647
2004-12-21,57.990002,57.990002,57.610001,57.900002,111600,46.916176
2004-12-22,58.380001,58.41,57.91,58.389999,239800,47.313225
2004-12-23,58.349998,58.73,58.349998,58.560001,114100,47.529934
2004-12-27,58.959999,58.959999,58.349998,58.509998,83500,47.489353
2004-12-28,58.349998,59.200001,58.349998,59.200001,163600,48.049389
2004-12-29,59.84,59.84,58.959999,59.07,89100,47.943867
2004-12-30,59.43,59.439999,59.02,59.150002,95600,48.00882
2004-12-31,59.009998,59.23,58.889999,58.990002,67100,47.878941
2005-01-03,58.900002,59.189999,58.209999,58.259998,455000,47.286438
2005-01-04,58.400002,58.48,57.48,57.790001,85600,46.904972
2005-01-05,57.5,58.009998,57.5,57.580002,45100,46.73452
2005-01-06,57.900002,58.240002,57.77,58.099998,84900,47.156582
2005-01-07,58.16,58.27,57.869999,58.060001,86300,47.124107
2005-01-10,58.220001,58.73,58.099998,58.450001,214400,47.440643
2005-01-11,58.380001,58.380001,58.009998,58.07,99600,47.132225
2005-01-12,58.209999,58.560001,58.029999,58.560001,64300,47.529934
2005-01-13,58.5,58.5,57.52,57.669998,104400,46.807571
2005-01-14,57.669998,58,57.52,57.919998,90700,47.010479
2005-01-18,57.830002,58.380001,57.709999,58.330002,78100,47.343258
2005-01-19,58.349998,58.41,57.869999,57.869999,76700,46.969891
2005-01-20,58.049999,58.130001,57.619999,57.790001,57300,46.904972
2005-01-21,57.720001,57.860001,57.27,57.290001,52100,46.499149
2005-01-24,57.25,57.52,56.779999,56.82,94500,46.117653
2005-01-25,56.970001,57.540001,56.970001,57.150002,111900,46.385517
2005-01-26,57.52,57.779999,57.419998,57.419998,66600,46.604641
2005-01-27,57.5,57.73,57.299999,57.419998,78500,46.604641
2005-01-28,57.59,57.59,56.720001,56.869999,71700,46.158249
2005-01-31,57.119999,57.209999,56.77,56.990002,81700,46.255657
2005-02-01,57,57.57,57,57.57,76200,46.726418
2005-02-02,57.560001,57.880001,57.509998,57.580002,156300,46.73452
2005-02-03,57.75,57.75,57.41,57.509998,65500,46.677704
2005-02-04,57.389999,58.23,57.389999,58.169998,75900,47.213383
2005-02-07,58.32,58.389999,58.099998,58.169998,61600,47.213383
2005-02-08,58.310001,58.450001,58.200001,58.299999,76800,47.318893
2005-02-09,58.400002,58.5,57.59,57.669998,65700,46.807571
2005-02-10,57.91,57.91,57.439999,57.740002,539000,46.864384
2005-02-11,57.98,58.66,57.75,58.360001,68100,47.367615
2005-02-14,58.5,58.5,58.189999,58.349998,39900,47.359474
2005-02-15,58.450001,58.709999,58.25,58.450001,91700,47.440643
2005-02-16,58.259998,58.349998,58.009998,58.299999,58000,47.318893
2005-02-17,58.43,58.459999,58.02,58.259998,59400,47.286438
2005-02-18,58.27,59,58.040001,59,146400,47.887058
2005-02-22,58.799999,59.119999,58.130001,58.240002,448600,47.270206
2005-02-23,58.32,58.720001,58.209999,58.610001,90600,47.570522
2005-02-24,58.580002,59,58.099998,58.939999,158500,47.838356
2005-02-25,59.040001,59.57,58.939999,59.560001,87800,48.341583
2005-02-28,58.91,59,58.369999,58.5,194900,47.481239
2005-03-01,58.939999,59.189999,58.849998,59.07,76500,47.943867
2005-03-02,58.91,59.57,58.799999,59.18,100300,48.033138
2005-03-03,59.450001,59.450001,58.810001,59.119999,46800,47.984451
2005-03-04,59.200001,59.57,59.200001,59.529999,74600,48.31723
2005-03-07,59.560001,59.919998,59.52,59.66,108800,48.422733
2005-03-08,59.509998,59.66,59.150002,59.279999,69900,48.114307
2005-03-09,59,59.189999,58.689999,58.849998,131100,47.765301
2005-03-10,58.950001,59.279999,58.860001,59,144500,47.887058
2005-03-11,59.099998,59.150002,58.369999,58.540001,130500,47.513718
2005-03-14,58.450001,59.099998,58.259998,59.099998,79200,47.968216
2005-03-15,59.220001,59.220001,58.349998,58.419998,48900,47.416286
2005-03-16,58.27,58.330002,57.700001,57.84,77700,46.945545
2005-03-17,57.709999,58.040001,57.580002,57.880001,70800,46.978012
2005-03-18,58.040001,58.040001,57.5,57.970001,77100,47.05106
2005-03-21,57.84,57.959999,57.459999,57.68,43800,46.815704
2005-03-22,58.009998,58.240002,57.619999,57.700001,82500,46.831909
2005-03-23,57.810001,58.400002,57.619999,58.240002,62600,47.270206
2005-03-24,58.400002,58.66,58.16,58.240002,209600,47.363731
2005-03-28,58.419998,58.529999,58.150002,58.290001,316700,47.404392
2005-03-29,58.040001,58.48,57.93,57.93,69100,47.111629
2005-03-30,58.16,58.889999,58.16,58.889999,124900,47.892334
2005-03-31,58.639999,58.639999,58.32,58.450001,101200,47.534504
2005-04-01,58.75,58.799999,57.799999,58.07,477100,47.225479
2005-04-04,58,58.34,57.830002,58.240002,62200,47.363731
2005-04-05,58.450001,59.389999,58.450001,59.389999,161200,48.298985
2005-04-06,59.57,59.790001,59.380001,59.450001,129600,48.347767
2005-04-07,59.299999,60.009998,59.029999,60,134700,48.795052
2005-04-08,60.060001,60.060001,59.5,59.639999,73800,48.502277
2005-04-11,59.779999,59.779999,59.400002,59.630001,68000,48.494156
2005-04-12,59.23,59.959999,58.93,59.93,107700,48.73811
2005-04-13,59.919998,60.389999,59.689999,59.959999,151800,48.762512
2005-04-14,60.060001,60.200001,59.779999,59.849998,214000,48.673061
2005-04-15,60.389999,60.849998,60.27,60.330002,671600,49.063435
2005-04-18,60.16,60.16,59.380001,59.830002,268900,48.656807
2005-04-19,60.009998,60.040001,59.540001,60,176500,48.795052
2005-04-20,59.68,59.919998,59.040001,59.130001,111800,48.087524
2005-04-21,59.68,60.040001,59.450001,59.82,314700,48.648655
2005-04-22,60.810001,60.810001,59.5,59.880001,379700,48.697453
2005-04-25,59.950001,60.040001,59.639999,59.869999,392000,48.689327
2005-04-26,60.049999,60.299999,59.639999,59.689999,331000,48.542946
2005-04-27,59.509998,60.150002,59.240002,60.139999,105900,48.908905
2005-04-28,59.98,60.040001,59.5,59.59,96800,48.461617
2005-04-29,59.740002,60.490002,59.540001,60.400002,211400,49.120342
2005-05-02,60.650002,60.709999,60.43,60.650002,293600,49.323673
2005-05-03,60.73,61.029999,60.419998,60.939999,212500,49.559517
2005-05-04,61.02,61.369999,60.799999,61.360001,354700,49.901066
2005-05-05,61.34,61.48,61.009998,61.349998,326200,49.892941
2005-05-06,61.66,61.66,61.040001,61.040001,442700,49.640839
2005-05-09,61.240002,61.580002,60.959999,61.580002,86000,50.079975
2005-05-10,61.32,61.5,61.029999,61.259998,275200,49.819748
2005-05-11,61.200001,61.509998,60.810001,61.509998,117100,50.02306
2005-05-12,61.59,61.759998,61.16,61.299999,90600,49.85228
2005-05-13,61.290001,61.290001,60.43,60.799999,189300,49.445652
2005-05-16,61.009998,61.57,60.950001,61.57,126000,50.071846
2005-05-17,61.310001,61.650002,60.93,61.650002,243100,50.136921
2005-05-18,61.66,61.91,61.549999,61.700001,193400,50.17757
2005-05-19,61.709999,61.82,61.43,61.799999,126500,50.258904
2005-05-20,61.509998,61.759998,61.509998,61.700001,97900,50.17757
2005-05-23,61.509998,62.049999,61.509998,61.93,286500,50.36462
2005-05-24,61.919998,62.110001,61.779999,61.98,140700,50.405281
2005-05-25,61.68,61.799999,61.259998,61.610001,73600,50.104385
2005-05-26,61.860001,61.889999,61.630001,61.869999,132500,50.315826
2005-05-27,61.810001,61.830002,61.5,61.720001,82100,50.193836
2005-05-31,61.709999,61.720001,61.299999,61.299999,642300,49.85228
2005-06-01,61.27,61.869999,61.25,61.610001,168800,50.104385
2005-06-02,61.459999,61.790001,61.43,61.709999,320400,50.185711
2005-06-03,61.650002,61.700001,61.25,61.34,119600,49.884808
2005-06-06,61.299999,61.549999,61.16,61.330002,118300,49.876671
2005-06-07,61.540001,61.970001,61.380001,61.380001,880000,49.917351
2005-06-08,61.619999,61.619999,60.900002,60.959999,171500,49.575775
2005-06-09,61.07,61.490002,60.919998,61.389999,58500,49.92548
2005-06-10,61.299999,61.509998,60.919998,61.110001,277100,49.697762
2005-06-13,61.080002,61.639999,61.009998,61.490002,110500,50.006794
2005-06-14,61.459999,61.990002,61.299999,61.900002,65800,50.340225
2005-06-15,61.990002,61.990002,61.330002,61.759998,71000,50.226376
2005-06-16,61.759998,62.130001,61.75,62.099998,530200,50.502861
2005-06-17,62.470001,62.490002,62.16,62.419998,262700,50.763115
2005-06-20,62.169998,62.439999,62.060001,62.389999,153900,50.835636
2005-06-21,62.470001,62.470001,62.049999,62.290001,319700,50.75415
2005-06-22,62.360001,62.360001,61.82,61.98,125400,50.501568
2005-06-23,62,62.09,61.459999,61.560001,100900,50.159351
2005-06-24,61.349998,61.59,61.200001,61.200001,207300,49.866024
2005-06-27,61.200001,61.25,60.970001,61.080002,475700,49.768238
2005-06-28,61.330002,61.73,61.259998,61.639999,177100,50.224545
2005-06-29,61.799999,61.799999,61.509998,61.639999,100000,50.224545
2005-06-30,61.700001,61.700001,61.09,61.099998,46900,49.784538
2005-07-01,61.349998,61.349998,60.939999,61.16,268900,49.833431
2005-07-05,61.02,61.52,61.02,61.34,225500,49.980095
2005-07-06,61.470001,61.5,61,61.119999,87500,49.800831
2005-07-07,60.75,61.209999,60.540001,61.119999,158700,49.800831
2005-07-08,60.939999,62.060001,60.939999,61.919998,263400,50.452675
2005-07-11,61.849998,62.220001,61.849998,61.98,153100,50.501568
2005-07-12,62,62.209999,61.830002,62.150002,91300,50.640087
2005-07-13,62.049999,62.049999,61.5,61.709999,78900,50.28157
2005-07-14,62.099998,62.240002,61.799999,62.080002,197800,50.583042
2005-07-15,61.970001,62.5,61.970001,62.349998,57200,50.803047
2005-07-18,62.380001,62.380001,62.009998,62.049999,80600,50.558605
2005-07-19,62.09,62.290001,61.810001,62.119999,96300,50.615639
2005-07-20,62.599998,62.970001,62.52,62.919998,136900,51.267471
2005-07-21,62.509998,62.669998,62.099998,62.200001,112500,50.680828
2005-07-22,62.240002,62.240002,61.849998,62.220001,64300,50.697102
2005-07-25,62.259998,62.259998,61.650002,61.779999,83900,50.3386
2005-07-26,61.950001,62.23,61.900002,62,85800,50.51786
2005-07-27,62.099998,62.66,62.07,62.549999,85900,50.966007
2005-07-28,62.720001,63.27,62.66,63.099998,127300,51.414139
2005-07-29,63.099998,63.23,62.73,62.860001,95200,51.218601
2005-08-01,62.25,63.369999,61.959999,63.18,652000,51.479321
2005-08-02,63.360001,63.5,63.189999,63.490002,150800,51.731922
2005-08-03,63.330002,63.59,63.169998,63.59,190700,51.8134
2005-08-04,63.389999,63.389999,62.91,62.990002,161600,51.32452
2005-08-05,62.950001,62.950001,62.41,62.450001,90600,50.884533
2005-08-08,62.66,62.66,61.959999,62.110001,102900,50.607491
2005-08-09,62.389999,62.790001,62.330002,62.669998,53000,51.063789
2005-08-10,62.939999,63.299999,62.580002,62.790001,77200,51.161583
2005-08-11,62.84,63.209999,62.790001,63.169998,50200,51.471188
2005-08-12,63,63.099998,62.549999,62.82,324800,51.186012
2005-08-15,62.830002,63.009998,62.549999,62.900002,57400,51.251186
2005-08-16,62.939999,62.939999,62.400002,62.470001,62600,50.900818
2005-08-17,62.27,62.779999,62.27,62.529999,135500,50.949703
2005-08-18,62.259998,62.82,62.259998,62.5,170000,50.925266
2005-08-19,62.630001,62.790001,62.119999,62.27,90800,50.737846
2005-08-22,62.16,62.43,61.84,62.049999,97500,50.558605
2005-08-23,62.040001,62.099998,61.75,61.900002,286500,50.436375
2005-08-24,61.790001,62.34,61.639999,61.669998,180200,50.248959
2005-08-25,61.709999,61.970001,61.689999,61.759998,60000,50.322304
2005-08-26,61.759998,61.759998,61.419998,61.459999,93400,50.077881
2005-08-29,60.900002,62.169998,60.900002,62.060001,685100,50.566738
2005-08-30,61.810001,62.060001,61.639999,62.049999,112400,50.558605
2005-08-31,61.91,62.77,61.759998,62.669998,135000,51.063789
2005-09-01,62.68,63.119999,62.619999,62.810001,115000,51.177849
2005-09-02,62.84,63.029999,62.650002,62.779999,182600,51.153416
2005-09-06,62.900002,63.740002,62.900002,63.650002,109500,51.862278
2005-09-07,63.830002,64.18,63.810001,64.059998,96800,52.196369
2005-09-08,64.010002,64.269997,63.68,63.950001,178800,52.106728
2005-09-09,64.099998,64.379997,63.950001,64.330002,299000,52.416374
2005-09-12,64.25,64.32,64,64.150002,176000,52.269699
2005-09-13,64.029999,64.029999,63.299999,63.43,112100,51.683029
2005-09-14,63.349998,63.490002,63.060001,63.07,122000,51.389709
2005-09-15,63.139999,63.43,63.029999,63.16,103100,51.463028
2005-09-16,63.209999,63.580002,63.060001,63.470001,116700,51.71563
2005-09-19,63.389999,63.389999,62.880001,63.040001,101700,51.365246
2005-09-20,63.169998,63.290001,62.549999,62.709999,100200,51.096367
2005-09-21,62.5,62.66,62.299999,62.369999,88200,50.819328
2005-09-22,62.279999,62.52,62.009998,62.400002,360300,50.843788
2005-09-23,62.25,62.639999,62.130001,62.27,90300,50.823387
2005-09-26,62.459999,62.599998,61.889999,62.150002,106300,50.725433
2005-09-27,62.099998,62.25,61.810001,61.950001,117800,50.562199
2005-09-28,61.900002,62.189999,61.650002,61.799999,140700,50.43977
2005-09-29,61.720001,62.130001,61.43,62.02,75800,50.619328
2005-09-30,62.049999,62.23,61.91,62.18,69900,50.749939
2005-10-03,62.049999,62.439999,61.970001,62.150002,117400,50.725433
2005-10-04,62.200001,63.139999,62.200001,62.5,91500,51.011108
2005-10-05,62.299999,62.490002,61.400002,61.400002,78700,50.113293
2005-10-06,61.549999,61.57,60.34,60.880001,261000,49.688889
2005-10-07,61.040001,61.09,60.709999,60.779999,85300,49.607281
2005-10-10,60.779999,61.029999,60.509998,60.59,66100,49.452202
2005-10-11,60.759998,60.919998,60.080002,60.200001,289000,49.1339
2005-10-12,60.5,60.720001,59.970001,60.09,245300,49.044117
2005-10-13,60.18,60.740002,60.02,60.470001,167200,49.35424
2005-10-14,60.560001,61.07,60.400002,60.950001,73100,49.746014
2005-10-17,60.700001,60.93,60.580002,60.849998,82900,49.66441
2005-10-18,60.849998,61.16,60.849998,60.889999,82700,49.697037
2005-10-19,60.810001,61.540001,60.5,61.540001,220100,50.22757
2005-10-20,60.790001,60.860001,60.189999,60.310001,134400,49.223667
2005-10-21,60.5,60.580002,59.779999,59.900002,108400,48.889046
2005-10-24,60.139999,60.540001,59.889999,60.529999,118700,49.403217
2005-10-25,60.52,60.52,59.84,60.189999,144200,49.125717
2005-10-26,60.150002,60.290001,59.509998,59.52,207400,48.578888
2005-10-27,59.610001,59.630001,59,59.169998,784100,48.293221
2005-10-28,59.5,59.959999,59.330002,59.950001,193700,48.929844
2005-10-31,60.200001,60.630001,60.200001,60.380001,167900,49.280807
2005-11-01,60.310001,60.52,60.029999,60.240002,101000,49.166546
2005-11-02,60.200001,60.48,60.119999,60.43,82400,49.321602
2005-11-03,60.549999,61.200001,60.549999,60.810001,304600,49.631767
2005-11-04,60.900002,61.240002,60.869999,61.139999,74000,49.901089
2005-11-07,61.150002,61.290001,60.880001,61.189999,42100,49.941891
2005-11-08,61.27,61.290001,60.959999,61.080002,91700,49.852135
2005-11-09,61.080002,61.330002,60.860001,61.169998,64200,49.925575
2005-11-10,61.220001,61.98,61.16,61.950001,81200,50.562199
2005-11-11,62.02,62.07,61.740002,62.049999,51100,50.643818
2005-11-14,62.049999,62.049999,61.470001,61.52,89100,50.211239
2005-11-15,61.84,62.25,61.709999,61.98,120100,50.586685
2005-11-16,62.080002,62.080002,61.580002,61.810001,66000,50.447941
2005-11-17,61.52,62.240002,61.52,62.16,64700,50.733601
2005-11-18,62.349998,62.5,62.18,62.34,79500,50.880501
2005-11-21,62.299999,62.639999,62.18,62.52,66000,51.027416
2005-11-22,62.439999,62.439999,62.09,62.369999,166400,50.904999
2005-11-23,62.279999,62.5,62.139999,62.360001,64600,50.896839
2005-11-25,62.549999,62.549999,62.27,62.439999,31100,50.962116
2005-11-28,62.380001,62.380001,61.599998,61.599998,120800,50.276531
2005-11-29,61.82,62.110001,61.599998,61.619999,123300,50.292866
2005-11-30,61.68,61.900002,61.360001,61.439999,64300,50.145954
2005-12-01,61.509998,62.09,61.509998,61.939999,104300,50.554047
2005-12-02,62.040001,62.290001,61.759998,62.169998,123100,50.741756
2005-12-05,62.299999,62.299999,62,62.200001,109500,50.766239
2005-12-06,62.25,62.630001,62.060001,62.150002,84100,50.725433
2005-12-07,62.099998,62.139999,61.619999,61.900002,95600,50.521412
2005-12-08,61.869999,62.34,61.77,62.099998,211400,50.684635
2005-12-09,62.099998,62.360001,62,62.16,112100,50.733601
2005-12-12,62.310001,62.400002,61.639999,62.080002,178600,50.668308
2005-12-13,62.279999,62.860001,62.130001,62.82,291300,51.272274
2005-12-14,62.889999,63.200001,62.73,62.84,235300,51.288605
2005-12-15,62.919998,63.25,62.84,62.990002,79600,51.411026
2005-12-16,63,63.360001,63,63.040001,102700,51.451843
2005-12-19,63.279999,64,63.279999,63.470001,105900,51.802799
2005-12-20,63.400002,63.630001,63.200001,63.32,66600,51.68037
2005-12-21,63.700001,63.990002,63.57,63.700001,93200,51.990517
2005-12-22,63.549999,64.099998,63.549999,64.099998,92900,52.414906
2005-12-23,64.220001,64.239998,63.919998,64.120003,109100,52.431263
2005-12-27,64.139999,64.400002,63.459999,63.599998,79600,52.006039
2005-12-28,63.580002,63.799999,63.48,63.580002,57700,51.989697
2005-12-29,63.639999,63.759998,63.310001,63.349998,103900,51.801624
2005-12-30,63.279999,63.279999,62.880001,63.040001,91200,51.548145
2006-01-03,63.580002,63.790001,62.740002,63.599998,381900,52.006039
2006-01-04,63.849998,64.370003,63.779999,64.349998,221000,52.619328
2006-01-05,64.300003,64.5,64.07,64.239998,217400,52.529385
2006-01-06,64.599998,64.760002,64.279999,64.599998,118200,52.82375
2006-01-09,64.849998,65.129997,64.699997,65.120003,392100,53.24897
2006-01-10,64.75,64.900002,64.559998,64.82,169400,53.003647
2006-01-11,64.779999,64.849998,64.510002,64.660004,148800,52.872822
2006-01-12,64.610001,64.699997,64.400002,64.559998,109900,52.791035
2006-01-13,64.449997,64.599998,64.18,64.400002,117200,52.660213
2006-01-17,64.379997,64.379997,64.019997,64.370003,148100,52.635693
2006-01-18,64.510002,64.519997,64.160004,64.379997,80500,52.64386
2006-01-19,64.650002,64.970001,64.209999,64.720001,87900,52.921894
2006-01-20,64.699997,64.699997,63.5,63.549999,133600,51.965157
2006-01-23,63.720001,63.720001,63.110001,63.400002,486900,51.842522
2006-01-24,63.279999,63.490002,63.040001,63.25,134100,51.719849
2006-01-25,63.650002,63.650002,62.919998,63.139999,216400,51.629906
2006-01-26,63.5,63.700001,63.27,63.509998,181400,51.932457
2006-01-27,63.66,64.330002,63.580002,64.25,155900,52.537548
2006-01-30,64.410004,64.410004,63.849998,63.869999,112600,52.22683
2006-01-31,64.099998,64.099998,63.529999,63.869999,220700,52.22683
2006-02-01,64.330002,64.489998,64.129997,64.400002,137800,52.660213
2006-02-02,64.400002,64.400002,63.610001,63.849998,118400,52.210476
2006-02-03,63.48,63.959999,63.349998,63.549999,170600,51.965157
2006-02-06,63.599998,63.599998,62.91,63.139999,77200,51.629906
2006-02-07,62.950001,63.450001,62.799999,62.849998,119800,51.392776
2006-02-08,63,63.709999,63,63.650002,164300,52.046951
2006-02-09,63.799999,64.209999,63.619999,63.669998,62800,52.06329
2006-02-10,63.5,63.599998,62.939999,63.439999,67800,51.875217
2006-02-13,63.200001,63.450001,63.099998,63.450001,63600,51.883396
2006-02-14,63.450001,64.18,63.450001,64,80300,52.333138
2006-02-15,64.029999,64.559998,64,64.440002,176600,52.692936
2006-02-16,64.580002,64.959999,64.330002,64.93,72800,53.093605
2006-02-17,64.910004,64.940002,64.639999,64.769997,80200,52.962757
2006-02-21,65.050003,65.07,64.339996,64.510002,74900,52.750164
2006-02-22,64.650002,65.059998,64.57,65.040001,60800,53.183544
2006-02-23,65.010002,65.059998,64.580002,64.739998,154400,52.93821
2006-02-24,64.739998,65,64.610001,64.900002,45900,53.069065
2006-02-27,65.959999,65.959999,64.849998,65.370003,340000,53.453396
2006-02-28,65.18,65.18,64.360001,64.559998,501700,52.791035
2006-03-01,64.779999,64.779999,64.169998,64.699997,145200,52.905525
2006-03-02,64.559998,64.650002,64.279999,64.620003,66900,52.840122
2006-03-03,64.330002,64.849998,64.220001,64.290001,67300,52.570251
2006-03-06,64.279999,64.370003,63.799999,64,96100,52.333138
2006-03-07,63.779999,64.150002,63.75,63.98,68400,52.316765
2006-03-08,63.799999,64.480003,63.77,64.449997,233300,52.701099
2006-03-09,64.599998,64.599998,64,64,72700,52.333138
2006-03-10,64.150002,64.349998,64,64.209999,70100,52.50486
2006-03-13,64.43,64.449997,64.199997,64.32,43700,52.594799
2006-03-14,64.199997,64.730003,64.199997,64.660004,64500,52.872822
2006-03-15,64.75,65,64.589996,64.889999,90000,53.060883
2006-03-16,64.989998,65.099998,64.839996,64.900002,84100,53.069065
2006-03-17,65.050003,65.290001,64.949997,65.290001,91100,53.387978
2006-03-20,65.360001,65.419998,65.050003,65.389999,72800,53.469738
2006-03-21,65.599998,65.599998,64.599998,64.739998,82000,52.93821
2006-03-22,65.059998,65.489998,64.870003,65.300003,77100,53.396152
2006-03-23,65.410004,65.410004,64.779999,65.040001,127900,53.183544
2006-03-24,64.849998,65.089996,64.720001,64.830002,117600,53.106533
2006-03-27,64.800003,64.800003,64.339996,64.440002,86100,52.787071
2006-03-28,64.279999,64.339996,63.75,63.93,64600,52.369301
2006-03-29,63.880001,64.269997,63.810001,64.040001,151300,52.4594
2006-03-30,64.139999,64.449997,63.799999,64.059998,109500,52.475777
2006-03-31,63.919998,64.120003,63.650002,63.75,189400,52.221848
2006-04-03,64.959999,64.959999,63.450001,63.459999,820000,51.98428
2006-04-04,63.509998,63.700001,63.259998,63.560001,129100,52.066189
2006-04-05,63.360001,63.639999,63.299999,63.349998,76600,51.894176
2006-04-06,63.25,63.25,62.540001,62.950001,118000,51.566513
2006-04-07,63.009998,63.09,62.060001,62.16,130300,50.919376
2006-04-10,61.98,62.119999,61.650002,61.889999,91100,50.698196
2006-04-11,61.93,62.040001,61.049999,61.290001,209200,50.206696
2006-04-12,61.299999,61.759998,61.299999,61.720001,82400,50.558937
2006-04-13,61.5,61.790001,61.349998,61.619999,233800,50.477024
2006-04-17,61.560001,61.689999,61.029999,61.299999,132300,50.214886
2006-04-18,61.490002,61.98,61.43,61.810001,2420300,50.632671
2006-04-19,61.950001,61.950001,61.419998,61.639999,98900,50.493408
2006-04-20,61.73,62.32,61.73,62.209999,130500,50.960327
2006-04-21,62.200001,62.5,61.900002,62.060001,116800,50.837448
2006-04-24,61.799999,61.990002,61.720001,61.799999,89000,50.624462
2006-04-25,61.740002,61.799999,61.189999,61.34,269100,50.247665
2006-04-26,61.540001,61.68,61.16,61.349998,93400,50.255844
2006-04-27,61.349998,61.490002,60.900002,61.139999,122400,50.083805
2006-04-28,61.139999,61.84,61.139999,61.810001,259000,50.632671
2006-05-01,61.700001,62,61.200001,61.330002,116300,50.239471
2006-05-02,61.5,61.5,61.009998,61.119999,142700,50.067432
2006-05-03,61.049999,61.09,60.509998,60.509998,136300,49.567738
2006-05-04,60.669998,60.98,60.669998,60.740002,79100,49.756157
2006-05-05,60.970001,61.560001,60.900002,61.48,84800,50.362335
2006-05-08,61.439999,61.549999,61.290001,61.490002,105100,50.370522
2006-05-09,61.349998,61.450001,60.93,60.98,83100,49.952744
2006-05-10,61.009998,61.169998,60.860001,61,386600,49.969135
2006-05-11,61.110001,61.110001,60.59,60.639999,117400,49.674232
2006-05-12,60.599998,60.849998,60.41,60.43,105700,49.502201
2006-05-15,60.470001,61.25,60.41,61.25,72400,50.173935
2006-05-16,61.349998,61.57,61.259998,61.43,191900,50.321381
2006-05-17,61.200001,61.5,60.650002,60.650002,172000,49.68243
2006-05-18,60.5,60.799999,60.279999,60.279999,78900,49.379326
2006-05-19,60.279999,60.43,59.82,60.27,163800,49.371132
2006-05-22,59.970001,60.349998,59.77,59.939999,119100,49.100819
2006-05-23,59.889999,60.119999,59.540001,59.540001,94700,48.773159
2006-05-24,59.349998,59.889999,59.049999,59.860001,115400,49.035271
2006-05-25,59.900002,60.41,59.900002,60.41,118900,49.485828
2006-05-26,60.529999,60.869999,60.470001,60.82,51400,49.821682
2006-05-30,60.299999,60.540001,59.860001,59.919998,75000,49.084442
2006-05-31,60.099998,60.459999,60.009998,60.459999,149300,49.526791
2006-06-01,60.400002,61.34,60.400002,61.34,120800,50.247665
2006-06-02,61.470001,61.66,61.23,61.48,665600,50.362335
2006-06-05,61.439999,61.439999,60.400002,60.540001,70100,49.592319
2006-06-06,60.700001,60.84,60.130001,60.549999,46700,49.60051
2006-06-07,60.77,61.369999,60.709999,60.900002,113900,49.887215
2006-06-08,60.799999,61.009998,60.09,60.900002,98300,49.887215
2006-06-09,60.939999,61.049999,60.580002,60.580002,66100,49.62508
2006-06-12,60.549999,60.700001,59.82,59.860001,125800,49.035271
2006-06-13,59.599998,60.299999,59.599998,59.619999,79100,48.838684
2006-06-14,59.790001,59.799999,59.27,59.669998,127800,48.879646
2006-06-15,59.869999,60.799999,59.75,60.509998,52600,49.567738
2006-06-16,60.669998,60.669998,60.299999,60.389999,52100,49.469452
2006-06-19,60.400002,60.549999,59.689999,59.869999,58700,49.043488
2006-06-20,59.950001,60.049999,59.59,59.610001,48600,48.83049
2006-06-21,59.639999,60.290001,59.639999,60.049999,29700,49.190922
2006-06-22,59.700001,59.779999,59.41,59.619999,58100,48.960983
2006-06-23,59.419998,59.950001,59.349998,59.799999,25600,49.108807
2006-06-26,59.599998,59.709999,59.360001,59.529999,40100,48.887081
2006-06-27,59.630001,59.630001,58.779999,58.849998,125100,48.32864
2006-06-28,59,59.119999,58.580002,58.959999,845600,48.418983
2006-06-29,59.43,60.060001,59.27,60,77000,49.273052
2006-06-30,60.209999,60.740002,60.200001,60.450001,121500,49.642609
2006-07-03,60.48,60.700001,60.369999,60.700001,62000,49.847904
2006-07-05,60.400002,60.57,60.259998,60.41,275600,49.609745
2006-07-06,60.349998,60.990002,60.349998,60.68,82400,49.831486
2006-07-07,60.650002,61.029999,60.619999,60.720001,31400,49.864323
2006-07-10,60.959999,61.200001,60.810001,60.880001,185000,49.995728
2006-07-11,60.880001,61.220001,60.740002,61.099998,117800,50.176395
2006-07-12,61.049999,61.25,60.639999,60.669998,47400,49.823254
2006-07-13,60.5,60.560001,59.970001,60.189999,57200,49.42907
2006-07-14,60.23,60.240002,59.400002,59.599998,108400,48.944553
2006-07-17,59.610001,60.099998,59.560001,59.849998,58700,49.149857
2006-07-18,59.900002,60.02,59.380001,59.82,55900,49.125244
2006-07-19,60.400002,61.450001,60.400002,61.27,55700,50.316006
2006-07-20,61.299999,61.610001,61.200001,61.220001,336900,50.27494
2006-07-21,61.299999,61.369999,61,61.240002,26400,50.291367
2006-07-24,61.66,62.540001,61.66,62.400002,84700,51.24398
2006-07-25,62.5,63.290001,62.330002,63.049999,163300,51.777763
2006-07-26,62.849998,63.509998,62.799999,63.400002,137200,52.065189
2006-07-27,63.189999,63.209999,62.66,62.959999,101800,51.703857
2006-07-28,63,63.470001,62.950001,63.299999,70300,51.983051
2006-07-31,63.34,63.34,62.959999,63.16,166000,51.868092
2006-08-01,63.049999,63.119999,62.77,63.029999,61300,51.761341
2006-08-02,63.66,63.799999,63.349998,63.509998,53400,52.155521
2006-08-03,62.77,63.220001,62.720001,62.970001,62700,51.712059000000004
2006-08-04,63.349998,63.389999,62.830002,62.919998,54400,51.671005
2006-08-07,62.700001,62.880001,62.580002,62.700001,31100,51.490349
2006-08-08,62.599998,63.060001,62.509998,62.689999,51100,51.482109
2006-08-09,63,63.369999,62.650002,62.73,42900,51.514965
2006-08-10,62.5,62.759998,62.279999,62.689999,59100,51.482109
2006-08-11,62.549999,62.57,62.130001,62.380001,31000,51.227543
2006-08-14,62.380001,63,62.380001,62.48,35800,51.309673
2006-08-15,62.810001,63.200001,62.810001,63.200001,46200,51.900951
2006-08-16,63.490002,63.73,63.360001,63.700001,45700,52.311554
2006-08-17,63.75,64.099998,63.740002,63.91,431800,52.483997
2006-08-18,63.900002,63.98,63.580002,63.849998,147200,52.434738
2006-08-21,63.91,63.919998,63.639999,63.700001,37800,52.311554
2006-08-22,63.779999,63.950001,63.599998,63.880001,76800,52.459373
2006-08-23,63.779999,64.010002,63.599998,63.740002,69100,52.344391
2006-08-24,63.93,64.279999,63.93,64.239998,54900,52.755013
2006-08-25,64.199997,64.360001,64.010002,64.190002,46400,52.71394
2006-08-28,64.129997,64.919998,64.129997,64.739998,56900,53.165607
2006-08-29,64.610001,65.080002,64.610001,65.029999,107700,53.40377
2006-08-30,65.400002,65.400002,64.93,65.019997,53400,53.395561
2006-08-31,65.110001,65.110001,64.779999,64.900002,198900,53.29702
2006-09-01,65.050003,65.279999,65,65.18,162500,53.526943
2006-09-05,65.099998,65.199997,64.919998,64.980003,81500,53.362709
2006-09-06,64.589996,64.769997,64.489998,64.550003,378600,53.009586
2006-09-07,64.279999,64.410004,64.050003,64.050003,56200,52.598995
2006-09-08,64.080002,64.709999,64.080002,64.620003,36700,53.067078
2006-09-11,64.400002,64.940002,64.309998,64.940002,70100,53.329884
2006-09-12,64.879997,65.709999,64.879997,65.699997,109100,53.953987
2006-09-13,65.639999,65.68,65.43,65.620003,147500,53.88829
2006-09-14,65.400002,65.540001,65.290001,65.540001,239100,53.82259
2006-09-15,65.75,65.830002,65.540001,65.540001,53900,53.82259
2006-09-18,65.599998,65.669998,65.379997,65.5,42700,53.789761
2006-09-19,65.540001,65.599998,65.239998,65.580002,355900,53.855431
2006-09-20,65.639999,66.110001,65.639999,65.949997,213600,54.159286
2006-09-21,65.800003,66.080002,65.43,65.580002,230800,53.855431
2006-09-22,65.540001,65.540001,64.900002,65.029999,115100,53.40377
2006-09-25,66.910004,66.910004,64.910004,65.220001,58700,53.559811
2006-09-26,64.989998,65.339996,64.989998,65.339996,58000,53.791958
2006-09-27,65.150002,65.550003,65.029999,65.540001,32200,53.956623
2006-09-28,65.400002,65.529999,65.18,65.449997,51400,53.882515
2006-09-29,65.529999,65.709999,65.349998,65.519997,159800,53.940147
2006-10-02,65.550003,65.599998,65.110001,65.129997,245600,53.619087
2006-10-03,64.980003,65.510002,64.93,65.339996,216800,53.791958
2006-10-04,65.150002,65.870003,65.099998,65.870003,56400,54.228291
2006-10-05,65.75,66.080002,65.709999,66.029999,71400,54.360016
2006-10-06,66,66,65.650002,65.860001,46600,54.220074
2006-10-09,65.849998,65.849998,65.580002,65.720001,41800,54.104805
2006-10-10,65.75,65.75,65.220001,65.599998,52500,54.006012
2006-10-11,65.18,65.620003,65.18,65.5,57000,53.923702
2006-10-12,65.440002,65.980003,65.440002,65.970001,112200,54.310623
2006-10-13,65.769997,65.839996,65.470001,65.690002,61600,54.080105
2006-10-16,65.57,65.900002,65.400002,65.739998,52000,54.12125
2006-10-17,65.599998,66.120003,65.599998,65.940002,44700,54.285915
2006-10-18,66.449997,66.690002,66.129997,66.559998,172900,54.796345
2006-10-19,66.779999,66.919998,66.610001,66.660004,197000,54.878689
2006-10-20,66.839996,66.980003,66.489998,66.949997,75100,55.117401
2006-10-23,66.739998,67.139999,66.669998,67.089996,268100,55.23267
2006-10-24,66.720001,67.019997,66.540001,66.870003,124900,55.051563
2006-10-25,66.849998,66.849998,66.279999,66.5,63100,54.746933
2006-10-26,66.519997,66.879997,66.339996,66.849998,271100,55.035091
2006-10-27,66.519997,66.849998,66.459999,66.690002,50700,54.903378
2006-10-30,66.68,66.68,66.190002,66.309998,175100,54.590523
2006-10-31,66.440002,66.440002,65.809998,65.989998,129000,54.327091
2006-11-01,66.150002,66.339996,65.43,65.550003,72000,53.964844
2006-11-02,65.589996,65.849998,65.400002,65.849998,239100,54.211815
2006-11-03,65.809998,65.839996,65.459999,65.57,40900,53.981319
2006-11-06,65.650002,66.449997,65.650002,66.360001,143500,54.631721
2006-11-07,66.300003,67.029999,66.300003,66.739998,158600,54.94453
2006-11-08,65.650002,66.019997,65.599998,65.940002,421200,54.285915
2006-11-09,65.699997,65.870003,64.050003,64.300003,590100,52.935787
2006-11-10,64.370003,64.510002,64,64.5,579600,53.100426
2006-11-13,64.389999,64.879997,64.330002,64.610001,176000,53.190983
2006-11-14,64.629997,65.150002,64.269997,65.139999,115000,53.627312
2006-11-15,65.169998,65.709999,65.129997,65.489998,156600,53.915455
2006-11-16,65.529999,65.849998,65.510002,65.699997,101800,54.088337
2006-11-17,65.82,66.080002,65.620003,65.93,150100,54.277691
2006-11-20,66.050003,66.080002,65.650002,65.739998,89500,54.12125
2006-11-21,65.959999,65.959999,65.599998,65.68,285600,54.071873
2006-11-22,65.629997,65.949997,65.610001,65.93,103900,54.277691
2006-11-24,65.550003,65.709999,65.529999,65.650002,170900,54.047169
2006-11-27,65.5,65.519997,64.860001,65.089996,190300,53.58614
2006-11-28,65.010002,65.370003,64.970001,65.290001,254100,53.750793
2006-11-29,65.510002,65.809998,65.419998,65.730003,62000,54.113041
2006-11-30,65.879997,66.230003,65.739998,66,71500,54.335312
2006-12-01,66.010002,66.25,65.559998,66.019997,89400,54.351788
2006-12-04,65.389999,65.940002,65,65.849998,227200,54.211815
2006-12-05,65.870003,66.150002,65.739998,66.089996,101500,54.409412
2006-12-06,66,66.279999,65.870003,66.230003,52200,54.524681
2006-12-07,66.489998,66.529999,65.970001,66.059998,131100,54.384701
2006-12-08,65.830002,66.300003,65.760002,66.230003,42000,54.524681
2006-12-11,66.269997,66.379997,66.029999,66.300003,47600,54.582283
2006-12-12,66.07,66.370003,65.93,66.160004,81300,54.467052
2006-12-13,66.199997,66.269997,65.959999,66.019997,49900,54.351788
2006-12-14,66.5,66.660004,66.160004,66.260002,47000,54.54937
2006-12-15,66.410004,66.660004,66.389999,66.449997,166300,54.705776
2006-12-18,66.449997,66.800003,66.379997,66.400002,74400,54.664619
2006-12-19,66.309998,66.980003,66.309998,66.800003,190100,54.993923
2006-12-20,66.809998,66.940002,66.639999,66.699997,48200,55.039291
2006-12-21,66.790001,66.959999,66.459999,66.639999,35200,54.989788
2006-12-22,66.400002,66.510002,66.160004,66.239998,65700,54.659729
2006-12-26,66.279999,66.400002,66,66.379997,49600,54.775234
2006-12-27,66.650002,66.720001,66.510002,66.669998,180300,55.014542
2006-12-28,66.470001,66.800003,66.389999,66.669998,78400,55.014542
2006-12-29,66.540001,66.68,66.32,66.32,370400,54.725754
2007-01-03,66.760002,67.07,66.010002,66.459999,256600,54.84127
2007-01-04,66.459999,67.339996,66.419998,67.169998,145300,55.427147
2007-01-05,67.089996,67.120003,66.620003,66.769997,156100,55.097065
2007-01-08,66.730003,66.970001,66.459999,66.970001,93800,55.262123
2007-01-09,67.099998,67.160004,66.709999,66.889999,185100,55.196102
2007-01-10,66.760002,67.050003,66.470001,66.959999,75400,55.253853
2007-01-11,67.220001,67.75,66.949997,67.690002,106600,55.856247
2007-01-12,67.610001,68.129997,67.610001,68.029999,68900,56.136787
2007-01-16,68,68.309998,68,68.120003,102700,56.211044
2007-01-17,68.209999,68.779999,68.120003,68.589996,133300,56.598892
2007-01-18,68.57,68.860001,68.43,68.800003,116600,56.772179
2007-01-19,68.839996,69,68.620003,68.830002,162700,56.796947
2007-01-22,68.849998,68.940002,68.279999,68.330002,250200,56.384346
2007-01-23,68.25,68.25,67.839996,68.029999,180300,56.136787
2007-01-24,67.989998,68.559998,67.82,68.559998,330600,56.574131
2007-01-25,68.309998,68.349998,67.970001,67.970001,48500,56.087296
2007-01-26,68,68,67.470001,67.709999,42600,55.872738
2007-01-29,67.68,67.93,67.639999,67.800003,121700,55.946991
2007-01-30,67.879997,68.18,67.82,68.18,311200,56.260567
2007-01-31,68,68.5,67.849998,68.400002,296000,56.442112
2007-02-01,68.5,68.980003,68.489998,68.949997,139400,56.89595
2007-02-02,68.910004,69.150002,68.739998,68.889999,65500,56.846451
2007-02-05,68.800003,68.940002,68.559998,68.879997,31700,56.838192
2007-02-06,68.900002,68.900002,68.489998,68.720001,44800,56.706188
2007-02-07,68.82,68.849998,68.559998,68.800003,149800,56.772179
2007-02-08,68.82,68.910004,68.709999,68.830002,156600,56.796947
2007-02-09,68.949997,68.970001,68.370003,68.529999,44600,56.549377
2007-02-12,68.489998,68.559998,68.209999,68.300003,39500,56.359612
2007-02-13,68.400002,68.519997,68.339996,68.519997,35700,56.541122
2007-02-14,68.709999,68.919998,68.599998,68.860001,152100,56.821682
2007-02-15,68.779999,69.190002,68.779999,69.099998,143800,57.019722
2007-02-16,68.919998,68.959999,68.760002,68.879997,131400,56.838192
2007-02-20,68.889999,69.059998,68.75,69.029999,86400,56.961971
2007-02-21,68.75,68.889999,68.629997,68.779999,49100,56.755684
2007-02-22,68.68,68.769997,68.43,68.529999,333200,56.549377
2007-02-23,68.410004,68.449997,68.099998,68.370003,140200,56.417358
2007-02-26,68.510002,68.629997,68.400002,68.540001,159100,56.557644
2007-02-27,67.900002,68.080002,66.150002,66.709999,278600,55.04755
2007-02-28,66.739998,67.339996,66.5,66.959999,386400,55.253853
2007-03-01,65.839996,66.870003,65.690002,66.589996,219800,54.94854
2007-03-02,66.330002,66.690002,65.93,65.93,76000,54.403923
2007-03-05,65.669998,66.230003,65.550003,65.550003,153100,54.090351
2007-03-06,65.93,66.370003,65.720001,66.290001,156500,54.701004
2007-03-07,66.18,66.5,66.129997,66.150002,47400,54.585457
2007-03-08,66.580002,66.699997,66.339996,66.360001,67900,54.758762
2007-03-09,66.739998,66.779999,66.349998,66.57,92300,54.93203
2007-03-12,66.68,66.709999,66.260002,66.589996,106700,54.94854
2007-03-13,66,66.599998,65.629997,65.629997,163800,54.15638
2007-03-14,65.739998,65.879997,65.169998,65.879997,208600,54.362671
2007-03-15,65.82,65.970001,65.599998,65.970001,40000,54.436935
2007-03-16,65.849998,66.150002,65.68,65.769997,64100,54.271889
2007-03-19,65.970001,66.489998,65.919998,66.470001,204500,54.849518
2007-03-20,66.489998,66.860001,66.360001,66.769997,48300,55.097065
2007-03-21,66.82,67.620003,66.540001,67.580002,175900,55.76548
2007-03-22,67.620003,67.82,67.550003,67.660004,30500,55.831474
2007-03-23,67.379997,67.389999,67.040001,67.199997,785200,55.679863
2007-03-26,67.949997,67.949997,66.860001,67.360001,83200,55.812428
2007-03-27,67.07,67.139999,66.760002,66.889999,41500,55.423004
2007-03-28,66.800003,66.879997,66.419998,66.699997,168700,55.26556
2007-03-29,66.660004,66.739998,66.25,66.639999,103300,55.215851
2007-03-30,66.699997,66.860001,66.360001,66.709999,111000,55.273857
2007-04-02,66.900002,67.160004,66.809998,67.059998,43200,55.563839
2007-04-03,67.279999,67.889999,67.279999,67.730003,124400,56.119011
2007-04-04,67.669998,68.169998,67.669998,68.139999,46200,56.458698
2007-04-05,68.089996,68.730003,68.089996,68.629997,33200,56.864693
2007-04-09,68.519997,68.730003,68.449997,68.629997,51200,56.864693
2007-04-10,68.739998,68.830002,68.599998,68.68,23500,56.906136
2007-04-11,68.599998,68.660004,68.239998,68.639999,42900,56.872978
2007-04-12,68.540001,69.220001,68.540001,69.220001,28000,57.353554
2007-04-13,69.760002,70.080002,69.550003,70.080002,29900,58.066147
2007-04-16,70.300003,70.730003,70.269997,70.68,157400,58.563263
2007-04-17,71.389999,71.400002,70.900002,70.959999,331300,58.795273
2007-04-18,70.629997,70.860001,70.400002,70.709999,90800,58.588139
2007-04-19,70.480003,71.230003,70.480003,71.029999,50200,58.853271
2007-04-20,71.360001,71.5,71.18,71.5,78100,59.242702
2007-04-23,71.389999,71.599998,71.339996,71.379997,74700,59.143288
2007-04-24,71.379997,71.5,71.089996,71.379997,35600,59.143288
2007-04-25,71.300003,71.779999,71.150002,71.639999,107400,59.358707
2007-04-26,71.599998,71.949997,71.599998,71.839996,57700,59.524395
2007-04-27,71.639999,71.699997,71.449997,71.669998,20500,59.383541
2007-04-30,71.629997,71.68,71.18,71.18,65100,58.977558
2007-05-01,71.32,71.459999,71.089996,71.43,80500,59.184696
2007-05-02,71.599998,72,71.5,71.82,76400,59.507854
2007-05-03,71.919998,72.099998,71.82,71.940002,32500,59.607273
2007-05-04,72,72.410004,72,72.32,127200,59.922127
2007-05-07,72.459999,72.610001,72.419998,72.610001,58900,60.162403
2007-05-08,72.199997,72.379997,72.07,72.379997,98000,59.971844
2007-05-09,72.279999,72.589996,72.18,72.5,59600,60.071262
2007-05-10,72.199997,72.199997,71.110001,71.120003,329100,58.927837
2007-05-11,71.099998,71.639999,71,71.639999,59800,59.358707
2007-05-14,71.800003,71.959999,71.5,71.559998,123900,59.2924
2007-05-15,71.589996,71.900002,71.370003,71.379997,30200,59.143288
2007-05-16,71.699997,72.129997,71.610001,72,29100,59.656982
2007-05-17,71.959999,71.959999,71.660004,71.720001,36000,59.424992
2007-05-18,71.970001,72.199997,71.699997,72.139999,45300,59.772995
2007-05-21,72.129997,72.459999,72.129997,72.209999,53500,59.831001
2007-05-22,72.290001,72.639999,72.059998,72.309998,111200,59.913849
2007-05-23,72.75,72.870003,72.400002,72.410004,35700,59.996685
2007-05-24,72.370003,72.660004,72.029999,72.150002,118400,59.781288
2007-05-25,72.150002,72.349998,72.080002,72.25,67600,59.864128
2007-05-29,72.209999,72.330002,72.050003,72.230003,47700,59.847565
2007-05-30,72.029999,72.150002,71.699997,72.139999,107500,59.772995
2007-05-31,72.18,72.559998,72.18,72.32,37300,59.922127
2007-06-01,72.400002,72.620003,72.309998,72.540001,49000,60.104424
2007-06-04,72.300003,72.480003,72.269997,72.43,34700,60.013279
2007-06-05,72.269997,72.269997,71.860001,72.150002,211300,59.781288
2007-06-06,71.75,71.949997,71.389999,71.470001,80100,59.217819
2007-06-07,71.110001,71.279999,70.279999,70.300003,434600,58.248417
2007-06-08,70.419998,70.800003,70.110001,70.800003,128000,58.662716
2007-06-11,70.720001,71.010002,70.669998,70.75,35300,58.621262
2007-06-12,70.5,70.699997,70.129997,70.209999,182400,58.173817
2007-06-13,70.300003,70.839996,70.019997,70.790001,66000,58.654427
2007-06-14,70.800003,71.110001,70.730003,71,150700,58.828415
2007-06-15,71.540001,71.660004,71.349998,71.43,91600,59.184696
2007-06-18,71.440002,71.559998,71.040001,71.120003,205900,58.927837
2007-06-19,71.32,71.32,71.059998,71.209999,26100,59.002407
2007-06-20,71.300003,71.300003,70.169998,70.199997,469800,58.165546
2007-06-21,70.309998,70.449997,69.889999,70.419998,120700,58.347851
2007-06-22,70,70.209999,69.230003,69.449997,125200,57.544128
2007-06-25,69.510002,69.980003,69.089996,69.260002,290000,57.386715
2007-06-26,69.470001,70.040001,69.470001,69.510002,143200,57.593826
2007-06-27,69.400002,70.150002,69.400002,70.150002,591000,58.124134
2007-06-28,69.900002,70.25,69.82,69.870003,317400,58.144123
2007-06-29,69.75,70.040001,69.150002,69.540001,245100,57.86948
2007-07-02,69.82,70.279999,69.779999,70.279999,29900,58.485298
2007-07-03,70.379997,70.519997,70.330002,70.360001,13200,58.551865
2007-07-05,70.300003,70.5,70.129997,70.489998,278300,58.660069
2007-07-06,70.330002,70.550003,70.139999,70.440002,135400,58.618465
2007-07-09,70.480003,70.589996,70.160004,70.339996,98700,58.535233
2007-07-10,70.050003,70.32,69.620003,69.639999,43000,57.952698
2007-07-11,69.650002,70.110001,69.650002,70.089996,114800,58.327183
2007-07-12,70.099998,71.230003,70.099998,71.230003,74300,59.275871
2007-07-13,71.190002,71.260002,70.889999,71.099998,36200,59.167667
2007-07-16,70.949997,71.190002,70.949997,71.160004,127700,59.217598
2007-07-17,70.849998,71.050003,70.739998,70.839996,122800,58.951317
2007-07-18,70.610001,70.660004,70.25,70.629997,243900,58.77655
2007-07-19,70.629997,70.660004,70.230003,70.370003,134500,58.560188
2007-07-20,70.389999,70.459999,69.690002,69.769997,117100,58.060875
2007-07-23,70.300003,70.75,70.300003,70.349998,137000,58.543545
2007-07-24,70.220001,70.360001,69.5,69.57,258400,57.894447
2007-07-25,69.900002,69.949997,69.449997,69.800003,250700,58.085857
2007-07-26,69.129997,69.480003,68.239998,68.669998,148900,57.145504
2007-07-27,68.25,68.540001,66.879997,66.879997,305900,55.655903
2007-07-30,67.339996,67.739998,67.010002,67.650002,49300,56.296661
2007-07-31,67.849998,68.010002,66.839996,66.839996,780200,55.622612
2007-08-01,67.239998,67.540001,66.610001,67.419998,135400,56.10527
2007-08-02,67.540001,68.160004,67.370003,68.010002,74600,56.59626
2007-08-03,67.860001,68.190002,66.940002,67.150002,145300,55.880592
2007-08-06,67.599998,68.43,67.279999,68.379997,258500,56.904144
2007-08-07,67.919998,69.18,67.919998,68.68,79200,57.153805
2007-08-08,68.809998,69.279999,68.629997,69.230003,119700,57.611507
2007-08-09,68.800003,69.120003,67.709999,67.709999,61100,56.346596
2007-08-10,67.190002,67.870003,67.019997,67.419998,103100,56.10527
2007-08-13,67.910004,68.169998,67.68,67.68,105600,56.32164
2007-08-14,67.849998,68.019997,67.160004,67.169998,172600,55.897224
2007-08-15,67.050003,67.940002,66.830002,66.889999,185900,55.664215
2007-08-16,66.279999,66.699997,65.559998,66.699997,227000,55.506107
2007-08-17,67.849998,67.849998,66.449997,67.300003,63400,56.005413
2007-08-20,67.489998,67.589996,67.019997,67.349998,89200,56.047035
2007-08-21,67,67.650002,67,67.419998,62000,56.10527
2007-08-22,67.849998,68.019997,67.580002,67.970001,54300,56.562973
2007-08-23,68.5,68.5,67.949997,68.129997,65100,56.696114
2007-08-24,68.110001,68.739998,68.059998,68.739998,113300,57.203747
2007-08-27,68.540001,68.709999,68.400002,68.410004,235600,56.929142
2007-08-28,68.199997,68.300003,67.449997,67.599998,145500,56.255077
2007-08-29,67.720001,68.300003,67.349998,68.18,84600,56.737743
2007-08-30,68.07,68.5,68.050003,68.209999,34400,56.762688
2007-08-31,68.550003,68.940002,68.379997,68.589996,52400,57.078903
2007-09-04,68.699997,69.389999,68.629997,69.230003,140800,57.611507
2007-09-05,68.849998,69.199997,68.75,68.900002,49300,57.336891
2007-09-06,69.040001,69.540001,69,69.379997,66000,57.736351
2007-09-07,69,69.220001,68.349998,68.559998,110200,57.053936
2007-09-10,68.699997,68.949997,68.220001,68.510002,170000,57.012356
2007-09-11,68.809998,69.269997,68.660004,69.199997,63400,57.58654
2007-09-12,69.25,69.739998,69.239998,69.550003,31400,57.877811
2007-09-13,69.849998,70.059998,69.660004,69.709999,72600,58.010952
2007-09-14,69.5,69.709999,69.349998,69.650002,56000,57.96101
2007-09-17,69.43,69.43,68.870003,69.110001,22300,57.511646
2007-09-18,69.470001,70.470001,69.25,70.300003,82100,58.501953
2007-09-19,70.599998,71.230003,70.599998,70.849998,93600,58.959641
2007-09-20,70.75,71.089996,70.489998,70.510002,88500,58.676716
2007-09-21,71.050003,71.160004,70.730003,70.730003,99500,58.859764
2007-09-24,70.790001,71.040001,70.660004,70.809998,96200,58.926353
2007-09-25,70.300003,70.769997,70.300003,70.610001,159900,58.911327
2007-09-26,70.650002,71.089996,70.629997,70.970001,43000,59.211674
2007-09-27,71.059998,71.230003,70.910004,71.080002,41400,59.303452
2007-09-28,70.919998,71,70.529999,70.790001,42800,59.061516
2007-10-01,70.93,71.660004,70.93,71.459999,3093200,59.620495
2007-10-02,71.599998,71.620003,71.080002,71.290001,33700,59.478657
2007-10-03,71.129997,71.669998,71.129997,71.519997,345700,59.67057
2007-10-04,71.690002,72.059998,71.690002,71.760002,58100,59.870804
2007-10-05,71.940002,72.449997,71.879997,72.379997,31000,60.388054
2007-10-08,72.300003,72.309998,71.970001,72.050003,22200,60.11277
2007-10-09,72.25,72.389999,72.029999,72.360001,37600,60.371403
2007-10-10,72.43,72.540001,72.300003,72.339996,15700,60.354706
2007-10-11,72.669998,72.669998,71.830002,72.050003,20800,60.11277
2007-10-12,72,72.419998,72,72.309998,32900,60.329689
2007-10-15,72.169998,72.360001,71.379997,71.800003,90300,59.904175
2007-10-16,71.589996,71.599998,70.980003,71.169998,30500,59.378555
2007-10-17,71.580002,71.639999,70.660004,71.269997,96900,59.461971
2007-10-18,71.209999,71.580002,71.139999,71.230003,60100,59.428619
2007-10-19,71.139999,71.230003,70.379997,70.389999,40800,58.727757
2007-10-22,69.800003,70.339996,69.699997,70.269997,83000,58.627636
2007-10-23,70.589996,71.190002,70.480003,71.18,33200,59.38689
2007-10-24,70.970001,71,70,70.889999,112000,59.144939
2007-10-25,70.739998,71.290001,70.610001,71.290001,112400,59.478657
2007-10-26,73.18,73.18,71.089996,71.300003,70700,59.487007
2007-10-29,71.400002,71.629997,71.290001,71.480003,114000,59.637207
2007-10-30,71.459999,71.620003,71.260002,71.410004,20900,59.578785
2007-10-31,71.5,72.010002,71.269997,72.010002,31800,60.079399
2007-11-01,72.120003,72.360001,70.720001,70.849998,266300,59.111576
2007-11-02,71.019997,71.040001,70.410004,70.699997,35800,58.98642
2007-11-05,70.449997,71,70.309998,70.57,107200,58.877937
2007-11-06,70.699997,70.970001,70.360001,70.940002,38000,59.186665
2007-11-07,70.57,70.739998,69.669998,69.669998,59600,58.127068
2007-11-08,69.480003,70.190002,69.339996,69.949997,237600,58.360676
2007-11-09,69.68,70.480003,69.68,69.730003,31700,58.177147
2007-11-12,69.739998,70.650002,69.739998,69.970001,64000,58.377365
2007-11-13,70.309998,70.919998,69.82,70.809998,190300,59.078209
2007-11-14,70.559998,71.400002,70.559998,70.830002,21400,59.094883
2007-11-15,70.940002,71.349998,70.519997,70.540001,39700,58.852936
2007-11-16,70.5,71.019997,70.470001,71.019997,60400,59.253418
2007-11-19,70.800003,70.900002,70.209999,70.279999,26700,58.636005
2007-11-20,70.379997,71.019997,69.959999,70.559998,48700,58.869614
2007-11-21,70.099998,70.150002,69.330002,69.330002,37900,57.843426
2007-11-23,70.089996,70.370003,69.849998,70.150002,6100,58.527531
2007-11-26,70.32,70.720001,69.650002,69.650002,29600,58.110382
2007-11-27,69.540001,71.110001,69.540001,70.849998,74400,59.111576
2007-11-28,70.769997,72.449997,70.769997,72.019997,204100,60.087734
2007-11-29,72.25,72.980003,71.959999,72.599998,184300,60.571636
2007-11-30,72.800003,72.910004,72.440002,72.730003,54000,60.680111
2007-12-03,72.190002,72.690002,72.099998,72.260002,108300,60.28796
2007-12-04,71.400002,72.459999,71.400002,71.940002,22300,60.020985
2007-12-05,72.339996,72.779999,72.339996,72.779999,112100,60.721817
2007-12-06,73.099998,73.279999,72.620003,73.18,73100,61.055542
2007-12-07,73.339996,73.400002,73.029999,73.120003,27100,61.005482
2007-12-10,73.169998,73.440002,73.050003,73.379997,39300,61.222378
2007-12-11,73.169998,73.529999,72.089996,72.089996,34800,60.146145
2007-12-12,73.300003,73.300003,71.900002,72.449997,31900,60.446487
2007-12-13,72.07,72.379997,71.559998,72.379997,47900,60.388054
2007-12-14,71.730003,72.169998,71.660004,71.709999,32100,59.829086
2007-12-17,71.529999,71.529999,70.699997,70.699997,25600,58.98642
2007-12-18,70.93,71.470001,70.75,71.169998,26200,59.378555
2007-12-19,71.290001,71.459999,70.739998,70.970001,39800,59.211674
2007-12-20,71.389999,71.459999,71.010002,71.459999,45800,59.620495
2007-12-21,72.029999,72.300003,71.889999,72.300003,30400,60.321331
2007-12-24,72.370003,72.370003,72.07,72.360001,30200,60.371403
2007-12-26,71.940002,72.349998,71.940002,72.300003,41900,60.321331
2007-12-27,72.18,72.18,71.269997,71.279999,273500,59.618755
2007-12-28,71.82,71.82,71.07,71.25,24600,59.593647
2007-12-31,71.019997,71.099998,70.589996,70.669998,14700,59.108555
2008-01-02,70.68,70.949997,69.889999,70.099998,113700,58.631809
2008-01-03,70.199997,70.730003,70.199997,70.5,33900,58.966362
2008-01-04,70.300003,70.459999,69.690002,69.779999,42100,58.364136
2008-01-07,70.18,71.190002,70.18,71.169998,65400,59.526764
2008-01-08,71.32,72.610001,71.169998,71.449997,130700,59.760941
2008-01-09,71.75,72.720001,71.75,72.690002,97700,60.798107
2008-01-10,72.709999,73,72.239998,72.779999,148700,60.873356
2008-01-11,72.360001,73.059998,72.279999,72.839996,67400,60.923557
2008-01-14,72.879997,72.919998,72.220001,72.489998,66200,60.630783
2008-01-15,71.970001,72.080002,71.330002,71.480003,177100,59.786045
2008-01-16,71.18,72.489998,71.139999,71.919998,102700,60.154068
2008-01-17,71.959999,71.959999,70.43,70.510002,90800,58.974735
2008-01-18,70.779999,70.779999,69.059998,69.400002,106300,58.046333
2008-01-22,64,67.940002,64,67.330002,389700,56.314964
2008-01-23,66,67.160004,64.970001,67.160004,140300,56.172771
2008-01-24,67.029999,67.410004,66.589996,66.980003,134300,56.022224
2008-01-25,67.309998,67.309998,65.489998,65.970001,109200,55.177456
2008-01-28,65.959999,66.910004,65.879997,66.82,132000,55.888382
2008-01-29,67.68,67.68,66.900002,66.970001,43100,56.013859
2008-01-30,66.480003,67.449997,66.230003,66.379997,53700,55.520386
2008-01-31,65.330002,67.330002,65.230003,67,100800,56.038952
2008-02-01,67.129997,67.900002,67.010002,67.769997,133500,56.682976
2008-02-04,67.730003,68.290001,67.730003,67.980003,65000,56.858643
2008-02-05,67.25,67.699997,66.790001,66.809998,46600,55.880035
2008-02-06,67.290001,67.519997,66.769997,66.860001,39500,55.921848
2008-02-07,66.830002,67.150002,66.489998,66.959999,56600,56.005497
2008-02-08,66.699997,66.699997,65.980003,66.160004,82200,55.336361
2008-02-11,66.089996,66.220001,65.669998,66.18,72200,55.353096
2008-02-12,66.760002,67.129997,66.370003,66.879997,69100,55.938564
2008-02-13,66.18,67.400002,66.18,67.300003,54500,56.289864
2008-02-14,68.370003,68.370003,66.449997,66.449997,79800,55.578926
2008-02-15,67.489998,67.489998,66.330002,66.720001,39400,55.80476
2008-02-19,67.489998,67.559998,66.870003,66.959999,70500,56.005497
2008-02-20,66.489998,66.919998,66.18,66.809998,45900,55.880035
2008-02-21,67.190002,67.190002,66.029999,66.059998,40000,55.252743
2008-02-22,66.239998,66.57,65.32,66.150002,103200,55.327995
2008-02-25,66.540001,67.410004,66.529999,67.360001,87800,56.340057
2008-02-26,66.599998,67.870003,66.599998,67.519997,76400,56.473877
2008-02-27,67.589996,67.589996,66.980003,67.080002,49600,56.105877
2008-02-28,66.800003,66.830002,66.400002,66.550003,45000,55.662567
2008-02-29,66.040001,66.040001,65.300003,65.660004,65600,54.918186
2008-03-03,65.449997,65.720001,65.230003,65.709999,52900,54.959991
2008-03-04,65,65.800003,65,65.639999,45900,54.901443
2008-03-05,65.940002,65.959999,65.150002,65.620003,29600,54.884727
2008-03-06,65.57,65.57,64.209999,64.239998,97500,53.730461
2008-03-07,63.599998,64.199997,62.68,63.470001,111800,53.08646
2008-03-10,63.41,63.5,62.599998,62.650002,95600,52.4006
2008-03-11,63.310001,63.799999,61.560001,62.5,155800,52.275139
2008-03-12,61.599998,62.98,61.029999,62.380001,117600,52.174767
2008-03-13,61.080002,63.259998,61.080002,62.73,35700,52.467518
2008-03-14,63.639999,63.639999,61.169998,61.759998,162800,51.656204
2008-03-17,60,61.860001,59.759998,61.650002,86300,51.564198
2008-03-18,62.200001,62.84,61.07,62.790001,69500,52.5177
2008-03-19,62.970001,63.650002,62.560001,62.560001,23700,52.325333
2008-03-20,62.509998,63.130001,62.330002,63.09,49500,52.768635
2008-03-24,63.990002,63.990002,63.110001,63.580002,40800,53.178463
2008-03-25,63.700001,63.75,63.23,63.529999,59100,53.313568
2008-03-26,63.299999,63.389999,63.099998,63.279999,33300,53.103779
2008-03-27,63.189999,63.630001,63.189999,63.27,49600,53.095379
2008-03-28,63.509998,63.709999,62.740002,62.779999,19700,52.684193
2008-03-31,62.240002,62.73,61.970001,62.619999,31800,52.549908
2008-04-01,63.830002,64.120003,62.970001,64.080002,79300,53.775131
2008-04-02,63.93,64.190002,63.5,63.720001,46300,53.473019
2008-04-03,63.5,63.759998,63.290001,63.650002,232000,53.414261
2008-04-04,63.48,64.470001,63.48,64.190002,34000,53.867439
2008-04-07,64.68,64.769997,64.279999,64.5,140600,54.127583
2008-04-08,64.099998,64.540001,64.099998,64.400002,45300,54.043667
2008-04-09,64.480003,64.480003,63.709999,63.98,23600,53.691204
2008-04-10,64.110001,64.910004,64.110001,64.620003,61800,54.228291
2008-04-11,63.77,64.339996,63.599998,63.66,48400,53.422657
2008-04-14,63.66,63.66,63.220001,63.509998,41800,53.29678
2008-04-15,63.549999,63.549999,63.029999,63.220001,53200,53.053421
2008-04-16,63.200001,63.689999,63.200001,63.639999,31200,53.405861
2008-04-17,63.630001,63.630001,62.990002,63.18,35000,53.019855
2008-04-18,63.93,63.939999,63.529999,63.700001,49800,53.456238
2008-04-21,63.299999,63.630001,63.27,63.419998,33000,53.221249
2008-04-22,63,63.060001,62.43,62.720001,38200,52.633831
2008-04-23,62.810001,63.5,62.810001,63.450001,59000,53.246437
2008-04-24,63.709999,63.810001,62.900002,63.52,48000,53.305176
2008-04-25,63.919998,64.129997,63.59,64.040001,45000,53.741558
2008-04-28,64.029999,64.5,64.029999,64.260002,50000,53.926174
2008-04-29,63.959999,64.059998,63.540001,63.810001,46300,53.548542
2008-04-30,63.669998,64.260002,63.419998,63.549999,46400,53.330334
2008-05-01,63.369999,64.470001,63.369999,64.440002,150200,54.07724
2008-05-02,64.68,64.949997,64.32,64.510002,48200,54.135971
2008-05-05,64.089996,64.410004,64.059998,64.300003,60000,53.95974
2008-05-06,63.34,64.269997,63.34,64.099998,55200,53.791908
2008-05-07,63.970001,64.230003,63.25,63.389999,41100,53.196083
2008-05-08,63.209999,63.790001,63.209999,63.57,33600,53.347126
2008-05-09,63,63.41,62.91,63.290001,23300,53.112152
2008-05-12,63.32,63.700001,63.32,63.689999,21500,53.447838
2008-05-13,64.089996,64.089996,63.23,63.43,124900,53.229656
2008-05-14,63.490002,63.98,63.490002,63.619999,44700,53.389103
2008-05-15,63.790001,63.790001,63.27,63.66,42400,53.422657
2008-05-16,63.740002,63.790001,63.419998,63.740002,34200,53.489799
2008-05-19,63.580002,64.190002,63.560001,63.970001,61700,53.682812
2008-05-20,63.779999,64.379997,63.75,63.950001,42300,53.666008
2008-05-21,64.050003,64.459999,63.5,63.630001,48000,53.397488
2008-05-22,63.650002,64.220001,63.549999,63.959999,40300,53.674427
2008-05-23,63.799999,63.799999,63.279999,63.380001,42000,53.187691
2008-05-27,63.52,63.709999,63.34,63.68,115100,53.439445
2008-05-28,63.57,63.869999,63.290001,63.689999,21700,53.447838
2008-05-29,63.740002,64.879997,63.740002,64.489998,48300,54.119175
2008-05-30,64.739998,64.900002,64.599998,64.709999,17700,54.30381
2008-06-02,64.650002,64.650002,63.790001,64.169998,63800,53.850643
2008-06-03,64.199997,64.629997,63.98,64.269997,49200,53.934563
2008-06-04,64.089996,64.709999,64.089996,64.489998,38900,54.119175
2008-06-05,64.540001,65.099998,64.540001,65.050003,62800,54.589149
2008-06-06,64.589996,64.589996,63.509998,63.509998,56700,53.29678
2008-06-09,63.700001,63.700001,62.82,63.209999,33200,53.045033
2008-06-10,62.73,63.189999,62.59,62.880001,151200,52.768097
2008-06-11,62.700001,62.700001,61.869999,61.970001,50400,52.004436
2008-06-12,62.119999,62.560001,61.939999,62.139999,31500,52.147102
2008-06-13,62.279999,62.880001,62.279999,62.860001,33700,52.751308
2008-06-16,62.330002,62.849998,62.200001,62.720001,38600,52.633831
2008-06-17,62.900002,63,62.419998,62.470001,27400,52.424038
2008-06-18,62.400002,62.540001,61.919998,61.990002,46900,52.021225
2008-06-19,61.799999,62.560001,61.450001,62.299999,38400,52.281364
2008-06-20,61.900002,61.990002,61.23,61.470001,122500,51.584846
2008-06-23,61.619999,61.830002,61.490002,61.580002,35600,51.677143
2008-06-24,61.169998,61.919998,61.119999,61.689999,53800,51.769459
2008-06-25,61.48,62.41,61.439999,61.990002,69200,52.229492
2008-06-26,61.66,61.66,60.779999,60.84,54400,51.260567
2008-06-27,60.75,61.450001,60.669998,61.07,49300,51.454346
2008-06-30,61.02,61.950001,60.849998,61.610001,57200,51.909317
2008-07-01,61.25,62.040001,60.950001,62.02,67800,52.254772
2008-07-02,62.400002,62.540001,61.779999,61.779999,92200,52.052551
2008-07-03,61.919998,62.09,61.599998,61.799999,57000,52.069408
2008-07-07,61.900002,62.049999,61.02,61.52,93400,51.833504
2008-07-08,61.240002,63.240002,61.240002,63.18,86600,53.232128
2008-07-09,63.599998,64.129997,63.110001,63.16,64200,53.215282
2008-07-10,63.439999,63.59,62.77,63.380001,107300,53.400635
2008-07-11,62.639999,63.049999,62.360001,62.77,90400,52.886677
2008-07-14,62.84,63.279999,62.41,62.52,60100,52.676041
2008-07-15,62.18,63.689999,62.18,63.349998,65800,53.375351
2008-07-16,63.57,64.089996,63.450001,63.830002,108100,53.779785
2008-07-17,64.089996,64.489998,63.529999,64.349998,105400,54.21788
2008-07-18,64.400002,64.400002,63.790001,64.150002,41500,54.049393
2008-07-21,64.519997,64.519997,63.450001,63.650002,71900,53.628117
2008-07-22,63.490002,64.389999,63.240002,64.260002,85000,54.142078
2008-07-23,64.989998,64.989998,64.5,64.760002,68300,54.563347
2008-07-24,65.050003,65.160004,64.25,64.68,91600,54.495949
2008-07-25,65.040001,65.220001,64.25,65.07,106300,54.824535
2008-07-28,65.300003,65.400002,64.510002,64.510002,56400,54.352711
2008-07-29,64.849998,65.07,64.559998,64.830002,61800,54.622326
2008-07-30,64.790001,65.269997,64.290001,64.82,43400,54.613892
2008-07-31,64.290001,65.769997,64.290001,65.18,57400,54.917202
2008-08-01,65.010002,65.190002,64.43,64.629997,312700,54.453812
2008-08-04,64.709999,65.650002,64.709999,65.300003,161100,55.01833
2008-08-05,65.459999,66.889999,65.459999,66.849998,183100,56.324265
2008-08-06,66.910004,67.410004,66.5,67.150002,139300,56.577049
2008-08-07,67.099998,67.339996,66.260002,66.32,195900,55.877724
2008-08-08,66.629997,67.879997,66.629997,67.839996,242500,57.158386
2008-08-11,67.959999,68.260002,67.43,68.050003,252000,57.335335
2008-08-12,68.300003,68.300003,67.739998,67.739998,122300,57.074135
2008-08-13,67.519997,67.919998,67.309998,67.57,126700,56.930904
2008-08-14,67.400002,68.370003,67.169998,67.93,75500,57.234222
2008-08-15,68.410004,68.57,68.160004,68.440002,121800,57.663925
2008-08-18,68.650002,68.68,67.540001,67.75,233700,57.082584
2008-08-19,68,68,66.970001,67.220001,81100,56.636017
2008-08-20,67.370003,67.370003,66.57,67.019997,63700,56.467499
2008-08-21,66.419998,67.089996,66.279999,66.940002,73100,56.400112
2008-08-22,66.949997,67.830002,66.949997,67.650002,68100,56.998314
2008-08-25,67.68,67.68,66.400002,66.68,91600,56.181053
2008-08-26,66.650002,67.040001,66.360001,66.669998,50800,56.172604
2008-08-27,66.519997,66.730003,66.160004,66.57,54000,56.088345
2008-08-28,66.93,67.220001,66.550003,67.169998,45200,56.593872
2008-08-29,67.449997,67.449997,66.470001,66.480003,53900,56.012524
2008-09-02,67,67.769997,66.290001,66.510002,136300,56.037827
2008-09-03,66.610001,66.739998,66.150002,66.599998,119100,56.11364
2008-09-04,66.050003,66.269997,64.93,64.93,270200,54.706585
2008-09-05,64.599998,64.809998,64.110001,64.589996,320700,54.42012
2008-09-08,65.839996,66.07,65.220001,65.809998,216500,55.448013
2008-09-09,65.400002,66.360001,64.790001,64.790001,73200,54.588615
2008-09-10,64.970001,65.339996,64.860001,64.93,160700,54.706585
2008-09-11,63.880001,65.879997,63.880001,65.879997,86700,55.506996
2008-09-12,65.349998,65.760002,65.150002,65.690002,59500,55.34692
2008-09-15,63.5,65.370003,63.5,64.510002,105300,54.352711
2008-09-16,63.5,64.900002,63.5,64.440002,81500,54.293743
2008-09-17,65.470001,65.470001,62.32,62.32,192000,52.507542
2008-09-18,62.450001,64.599998,61.470001,63.540001,158700,53.535442
2008-09-19,66.300003,68.139999,63.009998,64.410004,1236700,54.268452
2008-09-22,62.290001,63.91,62.049999,62.639999,86700,52.777145
2008-09-23,61.880001,63.389999,61.880001,62.349998,164500,52.53281
2008-09-24,63.400002,63.400002,61.040001,62.41,146100,52.727119
2008-09-25,62,63.93,62,63.540001,246400,53.681808
2008-09-26,62,63.77,62,63.700001,89100,53.816982
2008-09-29,62.98,63.380001,60.720001,60.919998,338100,51.468304
2008-09-30,61.400002,62.07,60.860001,62.02,219900,52.39764
2008-10-01,61.18,62.130001,61.18,62.080002,509300,52.44833
2008-10-02,62.23,62.330002,61,61.09,157400,51.611923
2008-10-03,61.310001,62.119999,60.459999,60.57,86400,51.172607
2008-10-06,59.900002,60.09,55.759998,57.689999,312800,48.739414
2008-10-07,57.200001,60.209999,55.799999,55.799999,270400,47.142651
2008-10-08,54.080002,56.75,54.080002,55.049999,169300,46.509037
2008-10-09,54.869999,55.59,51.060001,51.91,309300,43.856186
2008-10-10,47.720001,51.990002,47,50.23,295800,42.43684
2008-10-13,51.139999,55.43,51.139999,55.43,234400,46.830067
2008-10-14,56.66,60.400002,54.689999,55.639999,246100,47.007496
2008-10-15,54.5,56.080002,51.849998,51.849998,131600,43.805511
2008-10-16,51.34,53.869999,49.869999,53.610001,116100,45.292439
2008-10-17,52.099998,55.860001,52.099998,53.84,278000,45.486748
2008-10-20,54.240002,55.830002,53.549999,55.560001,223000,46.939899
2008-10-21,56.200001,56.23,55,55.119999,158400,46.568153
2008-10-22,54,54.060001,51.66,52.450001,168400,44.31242
2008-10-23,52.380001,53.740002,50.490002,52.880001,185100,44.675694
2008-10-24,49.709999,52.470001,49.139999,51.599998,116500,43.594288
2008-10-27,50.66,51.720001,49.73,49.740002,67800,42.022881
2008-10-28,50.970001,53.200001,49.5,53.200001,151100,44.946064
2008-10-29,52.619999,54,52.259998,52.57,124800,44.413795
2008-10-30,54,54,52.650002,53.68,116500,45.351582
2008-10-31,53.43,54.869999,53.09,54.490002,248000,46.035915
2008-11-03,54.07,55,54.07,54.68,323200,46.19643
2008-11-04,55.349998,55.98,54.790001,55.52,300400,46.906113
2008-11-05,55.310001,55.48,53.59,53.779999,161300,45.436069
2008-11-06,53.169998,53.900002,51.77,52.02,68200,43.949131
2008-11-07,52.68,53.68,52.299999,53.52,53600,45.216393
2008-11-10,54.549999,54.549999,52.689999,53.080002,62900,44.844681
2008-11-11,52.599998,53.119999,51.73,52.240002,115900,44.134995
2008-11-12,51.759998,51.900002,50.459999,50.560001,78000,42.715649
2008-11-13,50.970001,53.59,49.59,53.470001,240000,45.17416
2008-11-14,52.900002,53.68,51.59,51.59,64300,43.585842
2008-11-17,51.169998,52,50.720001,50.73,112000,42.859276
2008-11-18,50.119999,51.450001,49.330002,50.669998,129400,42.808586
2008-11-19,50.450001,51.57,48.669998,48.77,78900,41.203377
2008-11-20,48.23,48.98,45.060001,45.650002,157900,38.567429
2008-11-21,46,47.32,44.200001,47.18,221700,39.86005
2008-11-24,47.720001,49.509998,47.419998,48.650002,166900,41.10199
2008-11-25,49.540001,49.68,48.34,49.130001,78000,41.507515
2008-11-26,48.610001,49.68,47.900002,49.580002,91500,41.887695
2008-11-28,49.540001,50.139999,49.540001,50.09,47900,42.318554
2008-12-01,49.27,49.299999,47.040001,47.040001,233000,39.741772
2008-12-02,47.900002,48.810001,47.41,48.799999,102000,41.228699
2008-12-03,47.869999,50.200001,47.869999,50.09,94100,42.318554
2008-12-04,49.380001,50.119999,48.5,48.939999,50400,41.346989
2008-12-05,48.779999,50.93,47.73,50.709999,283300,42.842381
2008-12-08,51.509998,51.799999,50.610001,51.040001,156500,43.121174
2008-12-09,50.860001,51.279999,49.830002,50.119999,85800,42.343906
2008-12-10,50.68,50.900002,49.849998,50.389999,252300,42.57201
2008-12-11,50.240002,51.5,50.09,50.380001,103300,42.563572
2008-12-12,49.57,50.639999,49.25,50.490002,173700,42.656509
2008-12-15,50.759998,50.880001,49.889999,50.380001,118400,42.563572
2008-12-16,50.470001,52.470001,50.470001,52.34,111300,44.21949
2008-12-17,51.84,52.720001,51.619999,52.18,97000,44.084301
2008-12-18,52.709999,53.32,51.869999,52.310001,148900,44.194145
2008-12-19,52.810001,53.52,52.52,52.810001,172100,44.616573
2008-12-22,52.490002,53.040001,51.669998,52.419998,99900,44.287056
2008-12-23,52.610001,52.939999,51.900002,52.009998,87500,44.149551
2008-12-24,51.73,52.240002,51.73,51.93,56000,44.081635
2008-12-26,52.16,52.360001,51.880001,52.16,52000,44.27689
2008-12-29,52.369999,52.369999,51.240002,51.740002,74400,43.920357
2008-12-30,51.91,53.169998,51.91,53.040001,187800,45.023884
2008-12-31,53.240002,53.779999,53.040001,53.689999,153400,45.575653
2009-01-02,53.419998,54.830002,53.119999,54.68,114600,46.416023
2009-01-05,54.709999,54.709999,53.66,54.09,210100,45.915192
2009-01-06,54.41,54.419998,53.099998,53.360001,104500,45.295517
2009-01-07,52.799999,53.419998,52.599998,52.880001,78500,44.888054
2009-01-08,52.900002,53.209999,52.439999,53.169998,66900,45.134239
2009-01-09,53.27,53.27,52.369999,52.68,79600,44.718288
2009-01-12,52.790001,52.799999,51.860001,52.099998,95000,44.225956
2009-01-13,51.91,52.779999,51.91,52.59,91000,44.641899
2009-01-14,51.790001,52.16,51.32,51.759998,101500,43.93734
2009-01-15,51.700001,52.27,50.700001,52.119999,158800,44.242924
2009-01-16,52.48,53.049999,51.889999,52.689999,53900,44.726765
2009-01-20,52.43,52.919998,51.130001,51.18,179400,43.445007
2009-01-21,51.75,52.5,50.939999,52.439999,84000,44.514553
2009-01-22,52.09,52.779999,51.810001,52.48,72800,44.548523
2009-01-23,51.849998,52.669998,51.66,52.630001,123900,44.675854
2009-01-26,52.630001,53.02,51.970001,52.389999,132900,44.472118
2009-01-27,53.139999,53.68,52.849998,53.389999,162300,45.320988
2009-01-28,53.279999,54.16,53.279999,54.07,113600,45.898212
2009-01-29,53.669998,53.889999,53.150002,53.470001,69200,45.388897
2009-01-30,53.459999,53.459999,52.650002,52.82,154400,44.837124
2009-02-02,52.349998,53.740002,52.349998,53.369999,148900,45.304012
2009-02-03,53.419998,54.939999,53.32,54.509998,124100,46.271713
2009-02-04,55,55.299999,54.060001,54.220001,147100,46.025543
2009-02-05,53.860001,54.919998,53.799999,54.630001,150200,46.373581
2009-02-06,54.610001,55.5,54.529999,55.259998,97300,46.908363
2009-02-09,55.16,55.299999,54.540001,55.09,72700,46.764057
2009-02-10,54.68,54.860001,53.240002,53.389999,108000,45.320988
2009-02-11,53.5,54.02,53.5,53.990002,101800,45.830315
2009-02-12,53.810001,54.619999,53.139999,54.59,187600,46.33963
2009-02-13,54.689999,54.689999,54.029999,54.27,112900,46.067989
2009-02-17,52.709999,53.650002,52.709999,53.099998,143400,45.074814
2009-02-18,53,53.220001,52.57,53.040001,104100,45.023884
2009-02-19,53.66,53.66,52.82,52.82,68100,44.837124
2009-02-20,52.5,52.830002,51.82,52.34,134700,44.429688
2009-02-23,52.299999,52.619999,50.98,51.139999,137900,43.411045
2009-02-24,51.330002,52.130001,50.779999,51.939999,119600,44.090115
2009-02-25,51.68,51.84,50.779999,51.139999,71300,43.411045
2009-02-26,51.360001,51.389999,48.529999,48.529999,151100,41.195496
2009-02-27,47.73,47.959999,46.59,46.669998,1774800,39.616604
2009-03-02,45.25,45.939999,44.490002,44.549999,687800,37.817001
2009-03-03,44.970001,45.459999,44.119999,44.599998,279400,37.859444
2009-03-04,44.919998,46.25,44.650002,45.669998,81000,38.767727
2009-03-05,44.869999,45.09,43.990002,44.32,245600,37.621765
2009-03-06,44.41,45.049999,44.049999,45.049999,240200,38.241444
2009-03-09,44.34,45.32,44.169998,44.549999,109600,37.817001
2009-03-10,45.450001,46.119999,44.799999,46,110000,39.047855
2009-03-11,46.25,46.720001,45.330002,45.330002,50100,38.479134
2009-03-12,45.389999,47.77,45.27,47.650002,134000,40.44849
2009-03-13,47.82,49.400002,47.82,49.09,101900,41.670868
2009-03-16,49.68,49.959999,48.529999,48.529999,105100,41.195496
2009-03-17,48.279999,49.43,48.240002,49.43,47600,41.959461
2009-03-18,48.889999,50.34,48.889999,49.41,117800,41.942482
2009-03-19,49.369999,50.139999,47.880001,48.369999,114500,41.059669
2009-03-20,48.990002,48.990002,48.119999,48.119999,137300,40.847458
2009-03-23,49.18,50.200001,48.779999,50.150002,194500,42.570663
2009-03-24,49.119999,50.220001,49.119999,49.419998,84200,41.950993
2009-03-25,49.400002,49.959999,48.599998,49.509998,81400,42.257393
2009-03-26,50.029999,50.209999,49.299999,50.169998,80400,42.820717
2009-03-27,49.560001,50.240002,49.540001,49.639999,105800,42.368359
2009-03-30,49.34,49.43,48.720001,49.349998,48300,42.120838
2009-03-31,49.900002,50.349998,49.400002,49.400002,110400,42.163506
2009-04-01,49.169998,49.529999,48.200001,49.330002,195700,42.103779
2009-04-02,50.099998,50.130001,49.419998,49.57,213900,42.308609
2009-04-03,49.689999,49.740002,48.470001,48.880001,102400,41.719673
2009-04-06,48.639999,49.450001,48.540001,49.02,125600,41.839172
2009-04-07,48.470001,49.139999,48.150002,48.57,162500,41.455105
2009-04-08,48.650002,49.16,48.639999,48.990002,185300,41.81358
2009-04-09,49.759998,50,49.110001,49.209999,301600,42.001339
2009-04-13,49.299999,49.810001,49.299999,49.560001,109800,42.300076
2009-04-14,49.189999,49.73,49.189999,49.369999,189600,42.137905
2009-04-15,49.080002,49.779999,49.049999,49.630001,144300,42.359825
2009-04-16,49.900002,50.110001,49.189999,49.84,107800,42.539059
2009-04-17,49.830002,50.529999,49.799999,50.360001,157700,42.98288
2009-04-20,49.630001,50.290001,49.290001,49.299999,91400,42.078163
2009-04-21,49,49.560001,48.57,48.939999,72400,41.770897
2009-04-22,48.5,48.849998,48.23,48.299999,112900,41.224648
2009-04-23,48.439999,48.439999,47.48,48.310001,93700,41.233181
2009-04-24,48.439999,48.740002,48.169998,48.470001,324200,41.369743
2009-04-27,48.709999,49.32,48.700001,49.02,112800,41.839172
2009-04-28,48.98,49.509998,48.860001,49.110001,89100,41.915989
2009-04-29,49.150002,49.869999,48.959999,49.450001,82100,42.206196
2009-04-30,50.02,50.110001,49.09,49.369999,76800,42.137905
2009-05-01,49.209999,49.25,48.830002,49.220001,820200,42.009884
2009-05-04,49.369999,50.139999,49.32,50.130001,160300,42.786587
2009-05-05,50.09,50.560001,49.779999,50.5,235500,43.102383
2009-05-06,50.84,50.990002,49.84,50.209999,156800,42.854858
2009-05-07,50.360001,51.650002,50.360001,51.369999,465100,43.84494
2009-05-08,51.91,52.25,51.610001,51.93,218500,44.322887
2009-05-11,51.209999,51.779999,51.209999,51.330002,78700,43.810783
2009-05-12,51.419998,52.299999,51.009998,52.049999,74600,44.425323
2009-05-13,51.360001,52.48,51.360001,51.869999,76400,44.271702
2009-05-14,51.82,52.279999,51.709999,51.869999,68500,44.271702
2009-05-15,51.880001,51.880001,51.240002,51.459999,45700,43.921749
2009-05-18,51.73,51.919998,51.110001,51.919998,198700,44.314346
2009-05-19,51.98,51.98,51.52,51.669998,119400,44.100986
2009-05-20,51.93,52.43,51.77,51.84,64000,44.246086
2009-05-21,51.5,51.84,50.84,51.32,90400,43.802261
2009-05-22,51.34,51.630001,51.049999,51.189999,55200,43.691296
2009-05-26,50.889999,52.07,50.630001,51.990002,64300,44.374107
2009-05-27,51.98,52.099998,51.43,51.450001,89100,43.913208
2009-05-28,51.68,52.060001,51.360001,51.68,64100,44.109512
2009-05-29,51.959999,52.529999,51.470001,52.529999,163500,44.835003
2009-06-01,53.029999,53.119999,52.599998,52.849998,66100,45.108128
2009-06-02,52.810001,53.759998,52.73,53.48,147900,45.645847
2009-06-03,53.07,53.450001,52.950001,53.389999,89000,45.569031
2009-06-04,53.439999,53.470001,52.48,52.790001,94300,45.056911
2009-06-05,52.990002,53.220001,52.099998,52.73,154900,45.005711
2009-06-08,52.330002,52.560001,51.68,52.040001,133500,44.41679
2009-06-09,52.130001,52.25,51.939999,52.02,128100,44.399719
2009-06-10,52.209999,52.380001,51.400002,51.799999,181900,44.211948
2009-06-11,51.82,52.77,51.82,52.209999,244600,44.561878
2009-06-12,52.049999,52.919998,51.990002,52.540001,184000,44.843548
2009-06-15,52.290001,52.299999,50.900002,51.189999,109400,43.691296
2009-06-16,51.200001,51.740002,50.98,51.150002,80700,43.657169
2009-06-17,51.18,52.450001,51.119999,52.119999,118900,44.485062
2009-06-18,52.299999,53.450001,52.150002,53.27,102000,45.46661
2009-06-19,53.77,54.259998,53.389999,53.599998,140800,45.74826
2009-06-22,53.189999,53.189999,52.509998,52.52,74400,44.826473
2009-06-23,52.630001,52.830002,52.34,52.5,195600,44.809406
2009-06-24,52.5,52.849998,52.200001,52.57,57000,45.067451
2009-06-25,52.369999,54.27,52.369999,54.060001,80500,46.344803
2009-06-26,53.959999,54.259998,53.5,54.09,108200,46.370514
2009-06-29,54.16,54.459999,53.470001,54.43,240600,46.661991
2009-06-30,54.279999,54.529999,53.630001,54.119999,99200,46.39624
2009-07-01,54.220001,54.220001,53.799999,53.98,406100,46.276211000000004
2009-07-02,53.389999,53.540001,52.669998,52.740002,149900,45.213184
2009-07-06,52.470001,53.049999,52.32,53.040001,94100,45.470367
2009-07-07,53.060001,53.450001,52.779999,52.82,158700,45.281761
2009-07-08,53.310001,53.549999,52.91,53.18,73200,45.590397
2009-07-09,53.41,53.41,52.299999,52.57,100300,45.067451
2009-07-10,52.279999,52.799999,52.200001,52.419998,72700,44.93885
2009-07-13,52.529999,53.290001,52.16,53.209999,69500,45.616104
2009-07-14,53.310001,53.490002,53.080002,53.400002,97800,45.778996
2009-07-15,53.790001,53.91,53.130001,53.889999,65700,46.199062
2009-07-16,53.77,54.439999,53.77,54.27,55800,46.52483
2009-07-17,54.27,54.279999,53.889999,54.02,80200,46.310513
2009-07-20,54.25,54.360001,53.759998,54.259998,59900,46.516251
2009-07-21,54.619999,55.07,54.5,55.02,88300,47.167805
2009-07-22,54.860001,55.25,54.610001,54.689999,132100,46.88488
2009-07-23,55.07,56.209999,55.07,56.049999,181200,48.050793
2009-07-24,56,57.02,55.970001,57.02,141300,48.882355
2009-07-27,56.869999,57.25,56.560001,57.02,61600,48.882355
2009-07-28,56.830002,57.470001,56.810001,57.130001,75700,48.976662
2009-07-29,57.130001,57.48,57,57.330002,66800,49.148132
2009-07-30,57.950001,58.209999,57.330002,57.349998,94000,49.165264
2009-07-31,57.34,57.869999,56.990002,57.049999,78400,48.90807
2009-08-03,57.310001,57.490002,56.790001,57.34,371400,49.156696
2009-08-04,57.110001,57.450001,57.080002,57.360001,142500,49.17384
2009-08-05,57.459999,57.459999,56.619999,56.810001,44200,48.702332
2009-08-06,56.830002,56.830002,56,56.130001,66300,48.119377
2009-08-07,56.540001,57.07,56.389999,56.66,83100,48.573742
2009-08-10,56.580002,56.990002,56.369999,56.970001,70000,48.839512
2009-08-11,56.75,57.189999,56.709999,56.959999,50900,48.830917
2009-08-12,56.82,57.48,56.599998,57.119999,274000,48.968086
2009-08-13,57.080002,57.25,56.490002,57.080002,57300,48.933792
2009-08-14,57.189999,57.360001,56.439999,56.959999,55700,48.830917
2009-08-17,56.52,57.139999,56.290001,56.91,105900,48.788063
2009-08-18,56.82,57.02,56.459999,56.810001,68800,48.702332
2009-08-19,56.5,57.619999,56.450001,57.580002,47100,49.362446
2009-08-20,57.490002,58.040001,57.439999,57.93,82600,49.662518
2009-08-21,58.349998,59.009998,58.099998,58.509998,86000,50.15971
2009-08-24,58.830002,58.91,58.459999,58.73,61100,50.348316
2009-08-25,58.869999,59.310001,58.75,58.990002,136500,50.571213
2009-08-26,58.810001,59.34,58.720001,58.900002,56300,50.494053
2009-08-27,58.73,59.139999,58.389999,58.93,69400,50.519779
2009-08-28,58.919998,59.150002,58.130001,58.48,35200,50.133995
2009-08-31,58.080002,58.709999,57.950001,58.400002,83200,50.065403
2009-09-01,58.400002,58.689999,57.41,57.59,166900,49.37101
2009-09-02,57.380001,57.860001,57.299999,57.509998,48800,49.302429
2009-09-03,57.560001,57.650002,57.099998,57.509998,105800,49.302429
2009-09-04,57.509998,58.310001,57.5,58.259998,34600,49.945393
2009-09-08,58.650002,58.650002,57.720001,58.09,46200,49.799648
2009-09-09,58.139999,58.830002,58.139999,58.66,40200,50.288307
2009-09-10,58.68,59.16,58.48,59.16,61800,50.716946
2009-09-11,59.139999,59.400002,58.970001,59.25,42700,50.794098
2009-09-14,59.049999,59.59,59.049999,59.57,37400,51.068432
2009-09-15,59.490002,59.5,59.029999,59.139999,33700,50.699799
2009-09-16,59.169998,59.490002,58.919998,59.470001,104500,50.982716
2009-09-17,59.5,59.689999,59.330002,59.529999,80600,51.034145
2009-09-18,59.709999,59.84,59.389999,59.419998,41900,50.939827
2009-09-21,59.290001,59.900002,59.209999,59.73,60200,51.205597
2009-09-22,59.73,59.799999,59.139999,59.369999,37000,51.090282
2009-09-23,59.310001,59.389999,58.68,58.68,86900,50.496502
2009-09-24,58.889999,58.889999,58.25,58.52,59600,50.358833
2009-09-25,58.290001,58.779999,58.290001,58.369999,35300,50.229744
2009-09-28,58.560001,59.630001,58.560001,59.220001,25600,50.961201
2009-09-29,59.380001,59.59,59.110001,59.189999,57800,50.935398
2009-09-30,59.279999,59.279999,58.389999,58.950001,109400,50.728863
2009-10-01,58.790001,58.889999,57.919998,57.98,50100,49.894138
2009-10-02,57.610001,57.959999,57.560001,57.740002,134700,49.687611
2009-10-05,57.939999,58.279999,57.43,58.060001,92100,49.962982
2009-10-06,58.220001,58.740002,57.93,58.529999,152800,50.367432
2009-10-07,58.599998,58.73,58.380001,58.73,65400,50.539547
2009-10-08,58.860001,59.099998,58.650002,58.689999,108600,50.505131
2009-10-09,58.75,59.349998,58.75,59.27,105000,51.004242
2009-10-12,59.610001,59.689999,59.360001,59.509998,219800,51.210762
2009-10-13,59.169998,59.310001,58.93,59.009998,91700,50.780479
2009-10-14,59.400002,59.970001,59.110001,59.799999,319700,51.460335
2009-10-15,59.669998,60.23,59.669998,60.150002,67000,51.761509
2009-10-16,59.939999,60.150002,59.759998,59.990002,62400,51.623829
2009-10-19,59.939999,60.66,59.900002,60.509998,59400,52.071301
2009-10-20,60.52,60.639999,59.82,59.880001,38500,51.529167
2009-10-21,59.880001,59.990002,59.049999,59.07,60900,50.83213
2009-10-22,58.950001,59.740002,58.630001,59.5,355800,51.202156
2009-10-23,59.650002,59.650002,58.75,58.900002,44900,50.685829
2009-10-26,59.080002,59.400002,58.150002,58.27,78500,50.143692
2009-10-27,58.369999,58.790001,58.200001,58.560001,52600,50.393242
2009-10-28,58.400002,58.509998,57.639999,57.639999,91800,49.601555
2009-10-29,57.830002,58.279999,57.689999,58.209999,87500,50.092072
2009-10-30,58.060001,58.41,57.279999,57.380001,184600,49.377811
2009-11-02,57.580002,58.150002,57.439999,57.709999,85400,49.661777
2009-11-03,57.57,57.799999,57.400002,57.759998,44000,49.704819
2009-11-04,57.970001,59.07,57.970001,58.419998,71500,50.272774
2009-11-05,58.73,59.470001,58.73,59.400002,49100,51.116116
2009-11-06,59.360001,59.669998,59.060001,59.599998,40700,51.2882
2009-11-09,59.779999,60.549999,59.75,60.52,49400,52.079895
2009-11-10,60.360001,60.98,60.349998,60.830002,55100,52.34668
2009-11-11,61.200001,61.200001,60.630001,60.990002,107100,52.48436
2009-11-12,61.240002,61.240002,60.549999,60.66,29000,52.200378
2009-11-13,60.810001,61.110001,60.59,60.75,55400,52.277828
2009-11-16,61.18,61.759998,61.049999,61.599998,116200,53.009285
2009-11-17,61.41,61.639999,61.220001,61.630001,42800,53.03511
2009-11-18,61.610001,61.880001,61.27,61.830002,72600,53.207218
2009-11-19,61.509998,61.509998,60.830002,61.450001,104700,52.880226
2009-11-20,61.32,61.810001,61.32,61.73,56300,53.121155
2009-11-23,62.009998,62.77,62.009998,62.34,93100,53.646099
2009-11-24,62.700001,63,62.099998,62.84,76000,54.076359
2009-11-25,62.75,63.259998,62.75,63.240002,29600,54.420586
2009-11-27,59.720001,62.919998,59.599998,62.599998,44900,53.869835
2009-11-30,62.470001,62.580002,62.18,62.43,107800,53.723534
2009-12-01,62.599998,63.360001,62.599998,63.220001,151600,54.403362
2009-12-02,63.330002,63.650002,63.119999,63.389999,61800,54.549667
2009-12-03,63.330002,63.689999,63,63.029999,56700,54.239868
2009-12-04,63.169998,63.889999,62.900002,63.119999,44900,54.317314
2009-12-07,63.220001,63.689999,62.919998,63.060001,59100,54.265686
2009-12-08,62.779999,62.869999,62.400002,62.580002,62300,53.852615
2009-12-09,62.650002,62.959999,62.240002,62.91,94200,54.136604
2009-12-10,63.110001,63.77,63.099998,63.580002,40300,54.713173
2009-12-11,63.799999,63.900002,63.529999,63.59,102500,54.721767
2009-12-14,63.950001,64.339996,63.950001,64.230003,92500,55.272511
2009-12-15,64.059998,64.309998,63.939999,64.199997,48600,55.246693
2009-12-16,64.489998,64.529999,63.990002,63.990002,45300,55.065994
2009-12-17,63.599998,63.84,63.07,63.389999,46900,54.549667
2009-12-18,63.82,63.82,63.25,63.619999,39500,54.747589
2009-12-21,63.77,64.650002,63.77,64.25,79400,55.289726
2009-12-22,64.550003,64.769997,64.440002,64.709999,31800,55.685581
2009-12-23,64.360001,64.720001,64.330002,64.370003,113300,55.611279
2009-12-24,64.419998,64.559998,64.25,64.440002,31900,55.671757
2009-12-28,64.690002,64.730003,64.400002,64.730003,78700,55.922295
2009-12-29,64.830002,64.919998,64.589996,64.620003,261100,55.827259
2009-12-30,64.459999,64.610001,64.32,64.5,68800,55.723587
2009-12-31,64.519997,64.559998,63.82,63.82,47400,55.136116
2010-01-04,64.379997,64.68,64.089996,64.68,79300,55.879105
2010-01-05,64.650002,64.650002,64.129997,64.32,58400,55.568073
2010-01-06,64.209999,64.75,64.209999,64.690002,129300,55.887726
2010-01-07,64.529999,64.989998,64.510002,64.940002,43100,56.103725
2010-01-08,64.949997,65.129997,64.720001,65.110001,44600,56.250587
2010-01-11,65.449997,65.57,65.190002,65.449997,33000,56.544323
2010-01-12,65.18,65.330002,64.790001,64.949997,50900,56.11235
2010-01-13,65.169998,66.129997,65.169998,65.93,45200,56.959011
2010-01-14,65.980003,66.470001,65.839996,66.400002,60600,57.365044
2010-01-15,66.550003,66.550003,65.610001,66.050003,33100,57.062687
2010-01-19,66.269997,67.449997,66.269997,67.360001,94500,58.194443
2010-01-20,67.559998,67.809998,66.449997,67.019997,98700,57.900696
2010-01-21,67.029999,67.25,65.559998,65.57,69800,56.647991
2010-01-22,65.379997,65.910004,64.769997,64.769997,84500,55.956848
2010-01-25,65.239998,65.400002,64.779999,64.779999,59400,55.965481
2010-01-26,64.57,64.849998,64.169998,64.599998,553700,55.809971
2010-01-27,64.379997,65.040001,64.32,64.900002,136300,56.069172
2010-01-28,65.080002,65.150002,64.300003,64.43,54200,55.663105
2010-01-29,64.349998,64.889999,64.18,64.18,153900,55.447132
2010-02-01,64.32,64.540001,63.970001,64.440002,464600,55.671757
2010-02-02,64.459999,65.720001,64.290001,65.57,69600,56.647991
2010-02-03,65.400002,65.449997,64.730003,65.059998,84300,56.207394
2010-02-04,64.699997,64.889999,63.290001,63.290001,220800,54.678219
2010-02-05,63.549999,63.549999,62,63.189999,191400,54.591839
2010-02-08,63.189999,63.400002,62.689999,62.91,70400,54.349937
2010-02-09,63.349998,63.889999,62.810001,63.299999,47000,54.686874
2010-02-10,63.32,63.32,62.560001,63.009998,143400,54.436337
2010-02-11,62.970001,63.619999,62.66,63.470001,35800,54.833759
2010-02-12,62.990002,63.5,62.709999,63.360001,72200,54.738708
2010-02-16,64,64,63.290001,64,166400,55.291626
2010-02-17,64.099998,64.779999,64.099998,64.480003,72400,55.706326
2010-02-18,64.5,64.739998,64.43,64.709999,60200,55.905022
2010-02-19,64.459999,64.870003,64.370003,64.660004,41800,55.861813
2010-02-22,64.75,64.849998,64.209999,64.610001,53700,55.818626
2010-02-23,64.419998,64.550003,63.869999,63.939999,51900,55.239792
2010-02-24,64.209999,64.489998,63.93,64.360001,97500,55.60265
2010-02-25,63.82,64.360001,63.59,64.349998,68500,55.59399
2010-02-26,64.440002,64.720001,64.220001,64.440002,72100,55.671757
2010-03-01,64.699997,65.300003,64.699997,65.120003,386300,56.259224
2010-03-02,65.349998,65.660004,65.199997,65.449997,101400,56.544323
2010-03-03,65.629997,65.699997,65.18,65.269997,43100,56.388805
2010-03-04,65.43,65.43,64.849998,65.129997,97700,56.267868
2010-03-05,65.330002,65.860001,65.190002,65.860001,178300,56.898537
2010-03-08,65.900002,65.900002,65.589996,65.650002,35200,56.717113
2010-03-09,65.419998,65.769997,65.419998,65.629997,327000,56.699818
2010-03-10,65.690002,65.919998,65.5,65.769997,84100,56.820793
2010-03-11,65.610001,66.150002,65.43,66.139999,112900,57.140438
2010-03-12,66.209999,66.290001,65.599998,65.889999,86700,56.924461
2010-03-15,65.860001,66.199997,65.699997,66.160004,51600,57.157719
2010-03-16,66.120003,66.5,66.059998,66.419998,49900,57.382324
2010-03-17,66.419998,66.459999,66.209999,66.389999,46900,57.356415
2010-03-18,66.300003,66.809998,66.279999,66.809998,84600,57.719261
2010-03-19,66.75,67.169998,66.550003,66.75,62000,57.667439
2010-03-22,66.830002,67.589996,66.730003,67.230003,411300,58.082108
2010-03-23,67.379997,67.589996,67.050003,67.550003,170300,58.358593
2010-03-24,67.529999,67.589996,66.93,66.93,84400,57.822945
2010-03-25,67.25,67.25,66.330002,66.349998,112900,57.498833
2010-03-26,66.5,66.5,65.809998,65.959999,46000,57.160858
2010-03-29,66.089996,66.529999,66.089996,66.489998,72200,57.620148
2010-03-30,66.580002,66.599998,66.279999,66.550003,84400,57.672146
2010-03-31,66.269997,66.610001,66.089996,66.32,94200,57.472839
2010-04-01,66.82,66.849998,66.400002,66.68,141900,57.784809
2010-04-05,66.889999,66.889999,66.5,66.589996,65500,57.706825
2010-04-06,66.339996,66.690002,66.339996,66.470001,64600,57.602825
2010-04-07,66.330002,66.489998,66.040001,66.190002,47200,57.360168
2010-04-08,66.029999,66.139999,65.75,66.050003,109400,57.238861
2010-04-09,66.07,66.32,66,66.309998,72400,57.464153
2010-04-12,66.330002,66.370003,66.110001,66.220001,98900,57.386166
2010-04-13,66.169998,66.290001,65.870003,66.269997,212300,57.429516
2010-04-14,66.300003,66.410004,65.830002,66.099998,65500,57.282185
2010-04-15,65.93,66.230003,65.800003,66.029999,55000,57.221535
2010-04-16,65.839996,66.099998,65.290001,65.589996,59400,56.840214
2010-04-19,65.489998,66.07,65.400002,66.050003,63800,57.238861
2010-04-20,66.330002,66.330002,65.980003,66.239998,27400,57.403496
2010-04-21,66.160004,66.160004,64.860001,65.129997,94100,56.441589
2010-04-22,64.75,64.75,63.93,64.32,139700,55.739635
2010-04-23,64.25,65.040001,64.059998,65,101700,56.328922
2010-04-26,64.989998,65.129997,64.199997,64.199997,61600,55.635635
2010-04-27,63.990002,64.57,63.459999,63.540001,89000,55.063698
2010-04-28,63.68,64.169998,63.439999,63.939999,57800,55.410332
2010-04-29,64.419998,65.220001,64.419998,64.949997,101900,56.285591
2010-04-30,65.110001,65.269997,64.25,64.25,75800,55.678986
2010-05-03,64.400002,64.790001,64.220001,64.599998,77700,55.982281
2010-05-04,64.150002,64.559998,63.790001,63.98,116000,55.445004
2010-05-05,63.5,64.110001,63.48,64.019997,106700,55.47966
2010-05-06,63.82,64,35,62.32,217900,54.006435
2010-05-07,61.790001,62.099998,60.549999,61.290001,687600,53.113842
2010-05-10,63.5,63.66,62.5,63.009998,149000,54.604393
2010-05-11,62.34,63.549999,62.169998,62.990002,77500,54.587051
2010-05-12,63.32,63.619999,62.950001,63.57,46900,55.089691
2010-05-13,63.34,63.560001,62.98,63.029999,33200,54.621727
2010-05-14,62.689999,62.799999,61.59,62.02,362700,53.746452
2010-05-17,62.299999,62.310001,61.279999,62.049999,160100,53.772469
2010-05-18,62.389999,62.509998,61.470001,61.540001,163900,53.330498
2010-05-19,61.209999,61.779999,60.98,61.32,81800,53.139843
2010-05-20,60.32,60.459999,59.290001,59.290001,176700,51.380653
2010-05-21,58.389999,59.630001,57.939999,59.389999,146800,51.467319
2010-05-24,59.200001,59.939999,59.09,59.310001,51400,51.397972
2010-05-25,58.220001,59.049999,57.709999,59.02,72800,51.146652
2010-05-26,59.299999,59.740002,58.73,58.77,111200,50.930016
2010-05-27,59.630001,59.970001,59.43,59.959999,167100,51.961277
2010-05-28,60.09,60.279999,59.529999,59.639999,126000,51.683956
2010-06-01,59.290001,60,58.93,58.970001,199300,51.103333
2010-06-02,59.209999,60.360001,59.07,60.360001,80700,52.307903
2010-06-03,60.540001,60.830002,60.360001,60.759998,45100,52.654549
2010-06-04,59.77,59.939999,58.75,58.77,33800,50.930016
2010-06-07,59.099998,59.41,58.669998,58.669998,114500,50.843361
2010-06-08,58.529999,58.790001,58.029999,58.700001,80300,50.869354
2010-06-09,59.23,59.23,58.299999,58.48,54600,50.678699
2010-06-10,59.16,59.740002,59.130001,59.650002,48200,51.692616
2010-06-11,59.389999,60.279999,59.389999,60.279999,54300,52.238583
2010-06-14,60.82,60.880001,60.34,60.380001,40800,52.325249
2010-06-15,60.759998,61.400002,60.709999,61.369999,40200,53.183167
2010-06-16,61.130001,61.599998,61.130001,61.509998,39400,53.304504
2010-06-17,61.549999,61.59,61.07,61.549999,40400,53.339157
2010-06-18,61.459999,61.630001,61.25,61.459999,33100,53.261158
2010-06-21,62.240002,62.240002,60.990002,61.18,68100,53.018524
2010-06-22,61.200001,61.709999,60.57,60.599998,44400,52.515896
2010-06-23,60.52,60.650002,60.029999,60.41,62900,52.351234
2010-06-24,59.91,60.009998,59.57,59.580002,68000,51.871529
2010-06-25,59.75,60.200001,59.450001,59.939999,47800,52.184956
2010-06-28,60.060001,60.310001,59.529999,59.900002,49000,52.150127
2010-06-29,59.099998,59.189999,58.380001,58.689999,85100,51.096676
2010-06-30,58.470001,58.970001,58.16,58.23,112900,50.696198
2010-07-01,58.189999,58.189999,56.66,57.610001,173800,50.156395
2010-07-02,57.810001,58.07,57.450001,57.720001,104300,50.252167
2010-07-06,58.139999,58.439999,57.509998,57.889999,50200,50.400169
2010-07-07,58.049999,59.119999,57.720001,59.049999,39300,51.410103
2010-07-08,59.330002,59.740002,59.25,59.66,34500,51.941181
2010-07-09,59.599998,59.82,59.490002,59.82,41100,52.080475
2010-07-12,59.639999,59.73,59.470001,59.639999,120900,51.923756
2010-07-13,59.91,60.439999,59.91,60.150002,121500,52.367779
2010-07-14,59.68,60.279999,59.66,60.18,68000,52.393898
2010-07-15,60.16,60.41,59.740002,60.330002,116600,52.524494
2010-07-16,60.09,60.310001,58.959999,58.970001,144700,51.340446
2010-07-19,59.049999,59.439999,59,59.189999,73100,51.531979
2010-07-20,58.470001,59.060001,58.23,59.040001,43200,51.401382
2010-07-21,59.490002,59.5,58.02,58.16,32400,50.635246
2010-07-22,58.790001,59.099998,58.470001,58.630001,62000,51.044437
2010-07-23,58.439999,58.700001,58.080002,58.650002,106100,51.061867
2010-07-26,58.630001,59.599998,58.630001,59.599998,54700,51.888931
2010-07-27,60,60,59.419998,59.59,33500,51.880234
2010-07-28,59.419998,59.700001,58.669998,58.73,29000,51.131493
2010-07-29,59.200001,59.389999,58.299999,58.709999,86500,51.11409
2010-07-30,58.139999,59.119999,58.02,58.860001,34900,51.244686
2010-08-02,59.639999,60.029999,59.560001,59.970001,167300,52.211079
2010-08-03,59.900002,60.720001,59.900002,60.419998,59000,52.602844
2010-08-04,60.32,61.25,60.32,61.209999,39300,53.290638
2010-08-05,61.060001,61.209999,60.709999,61.16,48200,53.247101
2010-08-06,60.529999,61.360001,60.470001,61.32,27400,53.386398
2010-08-09,61.439999,61.73,61.25,61.580002,21100,53.612766
2010-08-10,61.23,61.849998,60.869999,61.59,60600,53.621475
2010-08-11,60.68,60.889999,59.959999,60.040001,56300,52.272015
2010-08-12,59.220001,60.419998,59.220001,60.279999,46200,52.480949
2010-08-13,59.990002,60.27,59.869999,60.040001,23900,52.272015
2010-08-16,59.68,59.950001,59.369999,59.799999,167200,52.063068
2010-08-17,60.259998,60.810001,60.029999,60.59,44400,52.750854
2010-08-18,60.549999,60.970001,60.16,60.540001,40200,52.707325
2010-08-19,60.169998,60.299999,59.259998,59.490002,47700,51.793167
2010-08-20,59.330002,59.330002,58.889999,59.290001,28800,51.619057
2010-08-23,59.529999,60.049999,59.380001,59.380001,24100,51.697407
2010-08-24,58.740002,58.740002,58.07,58.18,39400,50.652645
2010-08-25,57.889999,58.950001,57.880001,58.75,61800,51.148922
2010-08-26,58.950001,58.950001,58.130001,58.220001,60600,50.687485
2010-08-27,58.700001,58.990002,57.830002,58.990002,37300,51.357853
2010-08-30,58.790001,59.009998,58.310001,58.310001,26900,50.765846
2010-08-31,58.060001,58.419998,57.900002,58.02,41200,50.513351
2010-09-01,58.689999,59.470001,58.669998,59.419998,51900,51.732231
2010-09-02,59.5,59.82,59.34,59.790001,39500,52.054356
2010-09-03,60.189999,60.349998,60.009998,60.34,46700,52.533192
2010-09-07,60.150002,60.259998,59.900002,59.970001,38600,52.211079
2010-09-08,60.060001,60.48,60.009998,60.290001,35700,52.489662
2010-09-09,60.860001,61.080002,60.740002,60.970001,59200,53.081684
2010-09-10,61.02,61.59,60.990002,61.529999,46400,53.569233
2010-09-13,61.900002,61.900002,61.439999,61.66,29500,53.682419
2010-09-14,61.5,62.119999,61.439999,61.84,43800,53.839123
2010-09-15,61.689999,62.459999,61.689999,62.349998,24000,54.283154
2010-09-16,62.220001,62.299999,62.049999,62.23,155300,54.178669
2010-09-17,62.43,62.66,62.130001,62.279999,38100,54.222191
2010-09-20,62.52,63.16,62.369999,63.060001,52200,54.901287
2010-09-21,63.060001,63.290001,62.900002,63.130001,28500,54.962227
2010-09-22,62.98,63.43,62.919998,63.139999,41700,54.970932
2010-09-23,62.560001,63.049999,62.459999,62.630001,136000,54.775036
2010-09-24,63.310001,63.509998,63.029999,63.48,40500,55.518417
2010-09-27,63.139999,63.330002,63.029999,63.060001,14300,55.1511
2010-09-28,63.16,63.619999,62.82,63.529999,19400,55.562145
2010-09-29,63.32,63.470001,63.150002,63.330002,17200,55.38723
2010-09-30,63.68,63.849998,63.029999,63.259998,39100,55.326023
2010-10-01,63.59,63.59,62.900002,63.240002,67100,55.308517
2010-10-04,63.16,63.299999,62.439999,62.630001,91600,54.775036
2010-10-05,63.189999,63.84,63.189999,63.75,20200,55.754559
2010-10-06,63.630001,63.830002,63.360001,63.57,64500,55.597141
2010-10-07,63.810001,63.880001,63.419998,63.59,36700,55.614632
2010-10-08,63.650002,63.950001,63.490002,63.799999,107400,55.798286
2010-10-11,64,64,63.66,63.82,101400,55.815781
2010-10-12,63.689999,64.120003,63.41,63.950001,132200,55.92947
2010-10-13,64.370003,64.540001,64.150002,64.379997,28800,56.305546
2010-10-14,64.339996,64.529999,63.959999,64.25,48900,56.191849
2010-10-15,64.279999,64.790001,64.110001,64.459999,46600,56.375504
2010-10-18,64.529999,65.040001,64.519997,64.970001,26100,56.821545
2010-10-19,64.599998,64.599998,63.490002,63.84,41700,55.833267
2010-10-20,63.810001,64.580002,63.810001,64.260002,23000,56.200581
2010-10-21,64.410004,64.769997,63.970001,64.459999,55600,56.375504
2010-10-22,64.389999,64.550003,64.330002,64.519997,48100,56.427979
2010-10-25,64.82,65.32,64.769997,64.809998,28600,56.681606
2010-10-26,64.470001,64.610001,64.360001,64.610001,62400,56.506706
2010-10-27,64.25,64.43,63.860001,64.309998,36400,56.244331
2010-10-28,64.730003,64.839996,64.32,64.57,105500,56.471703
2010-10-29,64.669998,64.669998,64.110001,64.279999,68700,56.218086
2010-11-01,64.470001,64.870003,63.869999,64.220001,133500,56.165619
2010-11-02,64.690002,64.870003,64.639999,64.75,49400,56.629135
2010-11-03,64.889999,64.959999,64.290001,64.75,77200,56.629135
2010-11-04,65.519997,65.519997,65.029999,65.18,29800,57.005211
2010-11-05,65.139999,65.199997,64.650002,64.940002,63000,56.795326
2010-11-08,64.699997,64.790001,64.550003,64.709999,27800,56.594154
2010-11-09,64.940002,64.940002,64.349998,64.470001,35200,56.384262
2010-11-10,64.5,64.610001,63.919998,64.610001,29200,56.506706
2010-11-11,64.150002,64.699997,64.120003,64.699997,155600,56.585411
2010-11-12,64.400002,64.470001,63.860001,64.010002,35200,55.981953
2010-11-15,64.190002,64.260002,63.919998,63.939999,23900,55.920723
2010-11-16,63.529999,63.669998,62.860001,63,50300,55.098629
2010-11-17,63.02,63.34,63,63.110001,37500,55.194828
2010-11-18,63.669998,64.099998,63.330002,63.939999,30200,55.920723
2010-11-19,63.900002,64.07,63.75,63.990002,30100,55.964462
2010-11-22,63.889999,64.150002,63.529999,64.059998,40400,56.025669
2010-11-23,63.41,63.509998,63.169998,63.25,38900,55.317261
2010-11-24,63.669998,63.880001,63.529999,63.810001,30700,55.807045
2010-11-26,63.32,63.549999,63.279999,63.389999,143500,55.439716
2010-11-29,62.91,63.330002,62.380001,63.200001,27200,55.273533
2010-11-30,62.610001,62.990002,62.52,62.68,37300,54.818752
2010-12-01,63.48,63.849998,63.32,63.75,52900,55.754559
2010-12-02,63.82,64.220001,63.779999,64.220001,49900,56.165619
2010-12-03,63.939999,64.330002,63.939999,64.300003,22600,56.23558
2010-12-06,64.169998,64.169998,63.900002,63.900002,47500,55.88575
2010-12-07,64.220001,64.330002,63.869999,63.889999,75300,55.877003
2010-12-08,63.84,64.050003,63.75,63.990002,26600,55.964462
2010-12-09,64.059998,64.139999,63.919998,64.120003,25600,56.078152
2010-12-10,64.269997,64.879997,64.269997,64.830002,61900,56.699112
2010-12-13,64.849998,65.150002,64.830002,64.870003,92200,56.734089
2010-12-14,65.010002,65.760002,65.010002,65.610001,41200,57.381283
2010-12-15,65.610001,65.93,65.489998,65.519997,15700,57.302563
2010-12-16,65.559998,65.959999,65.339996,65.959999,38100,57.687374
2010-12-17,65.949997,66.019997,65.660004,66.010002,51100,57.731106
2010-12-20,66,66.190002,65.809998,66.029999,29100,57.748604
2010-12-21,66.139999,66.160004,65.940002,65.959999,26000,57.687374
2010-12-22,65.68,65.82,65.620003,65.790001,404900,57.774319
2010-12-23,65.669998,65.839996,65.669998,65.739998,23100,57.730419
2010-12-27,65.43,65.699997,65.410004,65.610001,20400,57.616257
2010-12-28,65.629997,65.739998,65.480003,65.589996,20700,57.598686
2010-12-29,65.760002,65.760002,65.620003,65.620003,19100,57.625034
2010-12-30,65.669998,65.669998,65.449997,65.5,18300,57.519657
2010-12-31,65.360001,65.540001,65.279999,65.370003,14700,57.405495
2011-01-03,65.839996,66.389999,65.839996,66.029999,24500,57.985077
2011-01-04,66.18,66.199997,65.93,66.190002,107000,58.125568
2011-01-05,65.93,66.43,65.93,66.349998,39400,58.266098
2011-01-06,66.269997,66.57,66.269997,66.519997,29300,58.415386
2011-01-07,66.480003,66.550003,66.080002,66.470001,33600,58.371445
2011-01-10,66.160004,66.349998,66.160004,66.330002,18100,58.24852
2011-01-11,66.470001,66.720001,66.449997,66.650002,12400,58.529541
2011-01-12,66.970001,67.040001,66.730003,66.989998,32300,58.82811
2011-01-13,66.879997,66.879997,66.57,66.699997,39000,58.573421
2011-01-14,66.470001,66.760002,66.470001,66.760002,57400,58.626141
2011-01-18,66.620003,67.040001,66.620003,67.029999,60700,58.863239
2011-01-19,67.089996,67.089996,66.330002,66.57,79100,58.459278
2011-01-20,66.360001,66.769997,66.300003,66.690002,50100,58.564663
2011-01-21,66.870003,66.970001,66.589996,66.639999,21600,58.520737
2011-01-24,66.470001,66.849998,66.470001,66.650002,28900,58.529541
2011-01-25,66.419998,66.809998,66.419998,66.699997,68600,58.573421
2011-01-26,66.760002,66.870003,66.669998,66.699997,46500,58.573421
2011-01-27,66.559998,66.970001,66.559998,66.870003,66100,58.722733
2011-01-28,66.889999,66.900002,65.589996,65.629997,354500,57.633812
2011-01-31,65.800003,65.940002,65.519997,65.720001,141300,57.712849
2011-02-01,66.190002,66.940002,66.150002,66.800003,84500,58.661282
2011-02-02,66.790001,66.790001,66.540001,66.690002,56700,58.564663
2011-02-03,66.550003,66.900002,66.160004,66.769997,249400,58.634918
2011-02-04,66.849998,67.029999,66.589996,67.029999,31400,58.863239
2011-02-07,67.010002,67.199997,66.940002,66.989998,388300,58.82811
2011-02-08,66.989998,67.220001,66.989998,67.199997,90000,59.012531
2011-02-09,67.040001,67.190002,66.879997,67.059998,80800,58.889587
2011-02-10,66.790001,67.18,66.790001,67.139999,84700,58.959835
2011-02-11,66.879997,67.379997,66.790001,67.260002,54800,59.065216
2011-02-14,67.220001,67.559998,67.099998,67.519997,244200,59.293533
2011-02-15,67.300003,67.519997,67.190002,67.519997,148100,59.293533
2011-02-16,67.660004,68,67.639999,67.839996,32200,59.574547
2011-02-17,67.580002,68.150002,67.550003,68.07,40400,59.776512
2011-02-18,68.080002,68.309998,67.949997,68.190002,48700,59.881897
2011-02-22,67.459999,67.830002,67.07,67.169998,90500,58.986191
2011-02-23,67.129997,67.209999,66.580002,66.589996,32800,58.476845
2011-02-24,66.419998,66.889999,66.349998,66.730003,73400,58.599789
2011-02-25,67.010002,67.379997,66.940002,67.379997,22600,59.170597
2011-02-28,67.669998,68.07,67.650002,67.989998,24000,59.70628
2011-03-01,68.120003,68.279999,67.480003,67.540001,33200,59.311115
2011-03-02,67.360001,67.889999,67.309998,67.779999,32800,59.521862
2011-03-03,68.349998,69.129997,68.279999,69.019997,30600,60.610775
2011-03-04,69.139999,69.139999,68.519997,68.949997,59900,60.549313
2011-03-07,69.129997,69.129997,68.050003,68.360001,38900,60.031189
2011-03-08,68.389999,69.019997,68.209999,68.849998,22400,60.461483
2011-03-09,68.639999,69.07,68.629997,68.940002,54400,60.540531
2011-03-10,68.650002,68.650002,67.889999,67.919998,59000,59.644794
2011-03-11,67.639999,68.300003,67.639999,68.199997,21800,59.890694
2011-03-14,67.699997,68.18,67.519997,67.849998,150300,59.583336
2011-03-15,66.32,67.349998,66.32,67.040001,142500,58.872021
2011-03-16,66.849998,66.860001,65.660004,65.949997,40400,57.914829
2011-03-17,66.870003,66.870003,66.32,66.660004,27400,58.538334
2011-03-18,67.400002,67.400002,66.769997,67.040001,26500,58.872021
2011-03-21,67.730003,67.910004,67.309998,67.419998,32900,59.205723
2011-03-22,67.739998,67.739998,67.360001,67.400002,31200,59.188164
2011-03-23,67.209999,67.440002,66.849998,67.309998,32100,59.109138
2011-03-24,67.68,68.139999,67.470001,68.089996,14800,59.794086
2011-03-25,68.010002,68.349998,67.839996,68.059998,23800,59.967667
2011-03-28,68.190002,68.190002,68.029999,68.050003,20900,59.958843
2011-03-29,68.089996,68.529999,68,68.519997,29400,60.372978
2011-03-30,68.800003,69.370003,68.800003,69.110001,47100,60.892818
2011-03-31,68.980003,69.330002,68.980003,69.139999,19100,60.919266
2011-04-01,69.459999,69.589996,69.290001,69.519997,102200,61.254059
2011-04-04,69.730003,70.019997,69.730003,69.919998,19000,61.606525
2011-04-05,69.639999,69.879997,69.620003,69.639999,56400,61.359806
2011-04-06,69.93,70.050003,69.790001,69.82,23800,61.518394
2011-04-07,69.739998,70,69.529999,69.730003,24200,61.439106
2011-04-08,69.970001,70.110001,69.480003,69.709999,26300,61.421463
2011-04-11,69.75,70.199997,69.75,69.980003,64600,61.659389
2011-04-12,69.599998,70.18,69.599998,69.940002,92500,61.624153
2011-04-13,70.309998,70.309998,69.790001,69.93,24300,61.61533
2011-04-14,69.580002,70.410004,69.580002,70.32,35900,61.958954
2011-04-15,70.5,71.029999,70.5,70.919998,21400,62.487595
2011-04-18,70.339996,70.349998,69.769997,70.07,68200,61.73867
2011-04-19,70.360001,70.639999,70.110001,70.639999,51700,62.24091
2011-04-20,71.400002,71.470001,71.150002,71.290001,36700,62.813591
2011-04-21,71.739998,71.830002,71.269997,71.470001,16000,62.972214
2011-04-25,71.489998,71.580002,71.220001,71.559998,24000,63.05151
2011-04-26,71.75,72.489998,71.75,72.360001,54500,63.756397
2011-04-27,72.510002,73.400002,72.370003,73.309998,73800,64.593468
2011-04-28,73.330002,73.790001,73.129997,73.730003,47500,64.963516
2011-04-29,73.730003,73.809998,73.580002,73.650002,32000,64.893044
2011-05-02,73.970001,74.510002,73.93,74.32,133000,65.483353
2011-05-03,74.32,74.32,73.669998,74.010002,72000,65.210213
2011-05-04,74.07,74.089996,73.559998,73.870003,29000,65.086853
2011-05-05,73.57,73.949997,73.199997,73.379997,43100,64.655113
2011-05-06,73.809998,74.300003,73.68,73.919998,96000,65.130913
2011-05-09,73.989998,74.480003,73.879997,74.419998,48000,65.571472
2011-05-10,74.699997,74.93,74.370003,74.879997,42700,65.976784
2011-05-11,74.93,75.129997,74.379997,74.699997,137500,65.818192
2011-05-12,74.459999,75.470001,74.25,75.360001,54000,66.399681
2011-05-13,75.519997,75.690002,74.800003,75.139999,74600,66.205879
2011-05-16,74.839996,75.5,74.830002,75.139999,122200,66.205879
2011-05-17,75.07,75.139999,74.629997,75.07,74500,66.144196
2011-05-18,75.099998,75.779999,75,75.730003,51800,66.725693
2011-05-19,75.93,75.93,75.199997,75.510002,151800,66.531876
2011-05-20,75.419998,75.419998,74.690002,74.980003,32500,66.064896
2011-05-23,74.339996,74.339996,73.919998,74.25,59200,65.421677
2011-05-24,74.269997,74.269997,73.910004,73.949997,55200,65.157333
2011-05-25,73.620003,74.220001,73.620003,74.089996,94500,65.280701
2011-05-26,73.82,74.300003,73.540001,74.18,21200,65.360001
2011-05-27,74.209999,74.360001,74,74.260002,29000,65.430519
2011-05-31,74.669998,75.169998,74.519997,75.150002,406200,66.214676
2011-06-01,74.919998,75.120003,74.139999,74.160004,91500,65.342392
2011-06-02,74.040001,74.18,73.699997,73.989998,117100,65.192596
2011-06-03,73.120003,73.68,73.120003,73.239998,151100,64.531761
2011-06-06,73.059998,73.139999,72.610001,72.629997,39100,63.994286
2011-06-07,73.019997,73.339996,72.779999,72.849998,39800,64.188126
2011-06-08,72.730003,72.940002,72.589996,72.809998,59700,64.152901
2011-06-09,72.970001,73.779999,72.970001,73.449997,41600,64.716797
2011-06-10,73.190002,73.190002,72.120003,72.160004,59600,63.580181
2011-06-13,72.279999,72.790001,72.279999,72.440002,56700,63.826866
2011-06-14,73.029999,73.370003,72.809998,73.110001,77900,64.417244
2011-06-15,72.599998,73.07,71.980003,72.089996,49400,63.518517
2011-06-16,72.080002,72.440002,71.790001,72.25,46000,63.659477
2011-06-17,72.849998,72.900002,72.110001,72.290001,86700,63.694702
2011-06-20,72.260002,73.050003,72.199997,73,77100,64.320297
2011-06-21,73.389999,73.709999,73.199997,73.540001,54400,64.796089
2011-06-22,73.360001,73.629997,73.150002,73.150002,45800,64.452454
2011-06-23,72.82,73.129997,72.120003,73.099998,55900,64.408417
2011-06-24,72.720001,72.93,71.839996,71.989998,36200,63.658577
2011-06-27,72.019997,72.529999,71.650002,72.339996,19800,63.968033
2011-06-28,72.610001,73.57,72.489998,73.43,62500,64.931908
2011-06-29,73.699997,73.720001,73.300003,73.519997,374100,65.011459
2011-06-30,73.75,73.959999,73.68,73.779999,50000,65.241371
2011-07-01,73.720001,74.739998,73.720001,74.709999,140500,66.063766
2011-07-05,74.5,74.610001,74.290001,74.540001,170000,65.91346
2011-07-06,74.400002,74.919998,74.400002,74.779999,59000,66.125671
2011-07-07,75.190002,75.190002,74.510002,74.75,50400,66.099167
2011-07-08,74.230003,74.57,74.120003,74.559998,43800,65.931107
2011-07-11,73.720001,74,73.290001,73.449997,57700,64.949593
2011-07-12,73.300003,74.150002,73.300003,73.480003,46500,64.976105
2011-07-13,73.860001,74.550003,73.709999,73.82,25600,65.276756
2011-07-14,73.900002,74.269997,73.57,73.720001,20300,65.188332
2011-07-15,73.879997,73.879997,73.010002,73.379997,33400,64.88768
2011-07-18,73.099998,73.220001,72.279999,72.800003,39500,64.374832
2011-07-19,72.989998,73.57,72.849998,73.43,46500,64.931908
2011-07-20,73.559998,73.559998,72.989998,73.190002,35800,64.719666
2011-07-21,73.790001,74.620003,73.730003,74.379997,47900,65.77195
2011-07-22,74.449997,74.480003,73.959999,74.309998,153700,65.710052
2011-07-25,73.809998,73.919998,73.309998,73.389999,155500,64.896538
2011-07-26,73.32,73.32,72.690002,72.769997,44500,64.348289
2011-07-27,72.449997,72.449997,71.269997,71.349998,125300,63.092617
2011-07-28,71.330002,72.120003,71.169998,71.260002,83900,63.01302
2011-07-29,70.629997,71.339996,70.110001,70.919998,109500,62.712368
2011-08-01,71.730003,71.730003,68.93,69.620003,777800,61.56284
2011-08-02,69.099998,69.480003,68.019997,68.050003,318500,60.17453
2011-08-03,68.07,68.129997,66.629997,68.089996,191600,60.2099
2011-08-04,67.150002,67.209999,65.129997,65.150002,165100,57.610146
2011-08-05,65.800003,66.400002,63.869999,65.580002,244900,57.990383
2011-08-08,64,64.760002,61.98,61.98,214400,54.807018
2011-08-09,62.599998,64.440002,61.02,64.440002,203500,56.982323
2011-08-10,63.48,63.869999,61.619999,61.759998,521100,54.612476
2011-08-11,62.09,65.230003,61.91,64.459999,62100,57
2011-08-12,65.029999,65.68,64.540001,65.099998,45100,57.565933
2011-08-15,65.660004,66.470001,65.400002,66.419998,293000,58.733173
2011-08-16,65.959999,66.730003,65.699997,66.290001,148000,58.618214
2011-08-17,66.540001,67.110001,65.75,66.260002,32800,58.591698
2011-08-18,64.639999,64.989998,63.59,64.029999,35200,56.619759
2011-08-19,63.310001,64.800003,63.200001,63.740002,122500,56.363327
2011-08-22,64.779999,64.93,63.720001,63.82,128200,56.43409
2011-08-23,64.07,65.900002,63.900002,65.900002,77500,58.273354
2011-08-24,65.699997,66.660004,65.599998,66.650002,23900,58.936554
2011-08-25,66.779999,66.779999,65.279999,65.510002,65200,57.928493
2011-08-26,64.949997,66.470001,64.059998,66.300003,35500,58.627075
2011-08-29,67.089996,68.110001,67.089996,68.07,233200,60.1922
2011-08-30,67.540001,68.75,67.379997,68.419998,119800,60.501724
2011-08-31,68.93,69.279999,68.389999,68.769997,41100,60.811195
2011-09-01,68.769997,69.330002,68.150002,68.199997,40300,60.307175
2011-09-02,67.220001,67.739998,66.629997,66.690002,240400,58.971935
2011-09-06,65.059998,66.949997,65.059998,66.900002,25200,59.157623
2011-09-07,67.800003,68.57,67.510002,68.550003,19400,60.616657
2011-09-08,68.089996,68.790001,67.809998,67.849998,13400,59.997684
2011-09-09,67.269997,67.269997,65.639999,65.870003,62100,58.246822
2011-09-12,65.089996,66.129997,64.919998,66.059998,56300,58.414829
2011-09-13,66,66.82,66,66.760002,27200,59.033829
2011-09-14,67.040001,68.07,66.150002,67.389999,21500,59.590919
2011-09-15,67.949997,68.080002,67.040001,68.080002,28000,60.201054
2011-09-16,68.25,68.629997,67.910004,68.339996,18600,60.430992
2011-09-19,67.360001,68,67.209999,67.779999,46000,59.935772
2011-09-20,67.959999,69.010002,67.790001,68.290001,19600,60.386768000000004
2011-09-21,68.129997,68.449997,66.57,66.57,108600,58.865818
2011-09-22,64.919998,65.43,64.43,65.110001,251000,57.574791
2011-09-23,64.449997,65.25,64.230003,65.010002,106400,57.759586
2011-09-26,65.510002,65.940002,64.629997,65.919998,28300,58.568089
2011-09-27,67.059998,67.669998,66.639999,66.910004,50400,59.447693
2011-09-28,67.029999,67.239998,65.620003,65.690002,63900,58.363747
2011-09-29,66.779999,66.919998,65.199997,66.150002,30000,58.772434
2011-09-30,65.349998,66.480003,65.309998,65.309998,33900,58.026127
2011-10-03,64.879997,65.470001,63.169998,63.169998,42100,56.124794
2011-10-04,62.540001,64.019997,62.080002,64.019997,64000,56.879986
2011-10-05,64.139999,65.089996,63.799999,65,91600,57.750702
2011-10-06,65.099998,65.93,64.980003,65.93,72000,58.576965
2011-10-07,66.110001,66.25,65.599998,65.709999,46600,58.381516
2011-10-10,66.660004,67.269997,66.660004,67.199997,21800,59.705349
2011-10-11,66.849998,67.199997,66.849998,67.029999,40300,59.554279
2011-10-12,67.470001,67.75,67.099998,67.099998,32500,59.616482
2011-10-13,66.779999,67.339996,66.620003,67.230003,12400,59.731998
2011-10-14,67.970001,67.970001,67.400002,67.739998,25900,60.185108
2011-10-17,67.43,67.43,66.449997,66.629997,36500,59.198902
2011-10-18,66.360001,67.470001,65.959999,67.029999,73000,59.554279
2011-10-19,67.330002,67.720001,66.690002,66.870003,39900,59.412144
2011-10-20,66.959999,67.160004,66.190002,66.93,33600,59.465446
2011-10-21,67.610001,68.260002,67.610001,68.120003,70100,60.522724
2011-10-24,68.220001,69.309998,68.220001,69.25,607800,61.526714
2011-10-25,68.940002,68.970001,67.720001,67.800003,39200,60.238419
2011-10-26,68.610001,68.82,67.800003,68.610001,59900,60.958076
2011-10-27,69.989998,70.360001,69.309998,70.099998,48800,62.281929
2011-10-28,70.07,70.480003,70.019997,70.370003,65000,62.52179
2011-10-31,69.720001,69.959999,69.099998,69.099998,421100,61.393444
2011-11-01,67.620003,68.349998,67.300003,67.720001,234200,60.167336
2011-11-02,68.5,68.559998,67.730003,68.120003,56500,60.522724
2011-11-03,68.650002,68.889999,68.110001,68.779999,32600,61.109142
2011-11-04,68.199997,68.459999,67.760002,68.18,80400,60.576057
2011-11-07,68.300003,68.980003,68.050003,68.940002,20300,61.251289
2011-11-08,69.239998,69.760002,68.709999,69.699997,27000,61.926533
2011-11-09,68.370003,68.790001,67.559998,67.730003,28200,60.17625
2011-11-10,68.589996,68.879997,68,68.639999,30100,60.984741
2011-11-11,69.269997,69.970001,69.269997,69.730003,33000,61.953167
2011-11-14,69.379997,69.57,69.07,69.300003,22300,61.57114
2011-11-15,69.220001,69.629997,68.889999,69.43,15400,61.686634
2011-11-16,68.809998,69.25,68.220001,68.230003,36700,60.620461
2011-11-17,68.010002,68.139999,66.93,67.470001,69300,59.94524
2011-11-18,67.650002,67.650002,67.260002,67.309998,39400,59.803074
2011-11-21,66.410004,66.769997,66.150002,66.370003,78700,58.967911
2011-11-22,66.199997,66.760002,66.139999,66.529999,21000,59.110065
2011-11-23,65.889999,65.959999,65.529999,65.699997,61600,58.372612
2011-11-25,65.190002,65.720001,65.190002,65.230003,50800,57.955055
2011-11-28,66.529999,67.150002,66.349998,67.010002,30800,59.536522
2011-11-29,67.129997,67.699997,67.129997,67.309998,29100,59.803074
2011-11-30,68.790001,69.830002,68.790001,69.739998,36900,61.962067
2011-12-01,69.709999,70.199997,69.709999,69.82,42300,62.033134
2011-12-02,70.160004,70.25,68.839996,69.010002,21300,61.313484
2011-12-05,69.800003,69.839996,68.830002,69.129997,604500,61.420082
2011-12-06,69.260002,69.760002,69.160004,69.410004,42000,61.668861
2011-12-07,69.120003,70.089996,68.989998,69.919998,21200,62.12199
2011-12-08,69.540001,69.540001,68.440002,68.489998,20600,60.851467
2011-12-09,68.839996,69.68,68.839996,69.540001,13300,61.784355
2011-12-12,68.989998,69.059998,68.470001,68.699997,22400,61.038029
2011-12-13,69.059998,69.480003,68.410004,68.620003,22700,60.966965
2011-12-14,68.540001,68.769997,68.330002,68.489998,23700,60.851467
2011-12-15,69.059998,69.389999,68.849998,69.160004,34900,61.446754
2011-12-16,69.510002,69.720001,69.089996,69.209999,29200,61.491161
2011-12-19,69.419998,69.910004,68.940002,69.07,27400,61.366776
2011-12-20,69.910004,70.650002,69.910004,70.550003,28400,62.68174
2011-12-21,70.480003,71.089996,70.480003,71.029999,36800,63.108177
2011-12-22,70.730003,71.25,70.699997,71.169998,30000,63.511543
2011-12-23,71.389999,71.709999,71.300003,71.660004,27500,63.948826
2011-12-27,71.5,72,71.5,71.910004,41200,64.171921
2011-12-28,71.870003,71.870003,70.93,71.040001,30000,63.395538
2011-12-29,71.260002,71.75,71.260002,71.650002,15800,63.939911
2011-12-30,71.529999,71.860001,71.529999,71.57,12600,63.868484
2012-01-03,72.220001,72.550003,72.209999,72.339996,114800,64.555649
2012-01-04,72.089996,72.18,71.760002,72.010002,69400,64.261147
2012-01-05,71.660004,72.349998,71.5,72.32,20100,64.537773
2012-01-06,72.489998,72.589996,72.099998,72.410004,32100,64.618088
2012-01-09,72.629997,72.639999,72.099998,72.580002,34900,64.769821
2012-01-10,73.199997,73.300003,73.019997,73.25,30300,65.367737
2012-01-11,73.120003,73.389999,73,73.339996,18400,65.448044
2012-01-12,73.57,73.57,73.010002,73.519997,23600,65.60865
2012-01-13,73.129997,73.309998,72.669998,73.230003,24300,65.349884
2012-01-17,73.779999,74.099998,73.639999,73.709999,20800,65.778221
2012-01-18,73.660004,74.129997,73.620003,74.120003,21900,66.144104
2012-01-19,74.160004,74.239998,73.830002,74.120003,35900,66.144104
2012-01-20,74.279999,74.330002,73.830002,74.120003,35900,66.144104
2012-01-23,74.099998,74.190002,73.580002,73.790001,44500,65.84964
2012-01-24,73.529999,74.029999,73.529999,73.879997,30200,65.929916
2012-01-25,73.639999,74.620003,73.529999,74.550003,28100,66.527809
2012-01-26,74.650002,74.660004,73.949997,74.160004,83200,66.17981
2012-01-27,74.040001,74.540001,74.040001,74.43,19900,66.420753
2012-01-30,73.910004,74.209999,73.580002,74.160004,49700,66.17981
2012-01-31,74.360001,74.790001,74.080002,74.25,188700,66.260132
2012-02-01,74.389999,75.330002,74.389999,75.080002,67200,67.000816
2012-02-02,75.050003,75.050003,74.470001,74.959999,38100,66.89373
2012-02-03,75.440002,75.459999,75.099998,75.25,67400,67.152466
2012-02-06,75.089996,75.300003,74.82,75.080002,59400,67.000816
2012-02-07,74.760002,75.25,74.669998,75.25,25500,67.152466
2012-02-08,75.110001,75.330002,74.699997,75,41800,66.92942
2012-02-09,75.110001,75.110001,74.559998,74.790001,24200,66.741982
2012-02-10,74.260002,74.580002,74.18,74.580002,126300,66.554611
2012-02-13,74.849998,75.330002,74.849998,75.18,29700,67.090042
2012-02-14,75.139999,75.449997,74.980003,75.25,25600,67.152466
2012-02-15,75.519997,75.639999,75.089996,75.209999,30600,67.116806
2012-02-16,75.190002,75.830002,75.18,75.809998,19000,67.652245
2012-02-17,75.75,75.75,75.389999,75.440002,22100,67.322075
2012-02-21,75.529999,75.529999,74.75,74.860001,325600,66.804466
2012-02-22,74.779999,75.07,74.629997,74.919998,38700,66.858009
2012-02-23,74.900002,75.089996,74.830002,75,24200,66.92942
2012-02-24,75.150002,75.470001,75.120003,75.370003,22000,67.25959
2012-02-27,74.900002,75.650002,74.870003,75.419998,327100,67.304207
2012-02-28,75.489998,75.889999,75.360001,75.800003,30100,67.643341
2012-02-29,75.639999,75.900002,75.32,75.330002,89200,67.223885
2012-03-01,75.269997,75.760002,75.269997,75.660004,75000,67.518394
2012-03-02,75.709999,75.709999,75.360001,75.540001,20700,67.411308
2012-03-05,75.419998,75.650002,75.190002,75.360001,9200,67.250687
2012-03-06,74.879997,74.980003,74.059998,74.230003,45100,66.242256
2012-03-07,74.330002,74.620003,74.230003,74.510002,20700,66.492142
2012-03-08,74.879997,75.610001,74.879997,75.440002,32000,67.322075
2012-03-09,75.610001,75.959999,75.610001,75.760002,13100,67.60762
2012-03-12,75.720001,75.849998,75.559998,75.68,11500,67.536232
2012-03-13,76.040001,76.739998,76.029999,76.739998,22200,68.48217
2012-03-14,76.709999,76.919998,76.580002,76.709999,92700,68.455414
2012-03-15,76.809998,77.040001,76.599998,76.949997,19100,68.669563
2012-03-16,76.959999,77.260002,76.860001,76.919998,26500,68.642822
2012-03-19,76.809998,77.160004,76.800003,76.959999,261600,68.67849
2012-03-20,76.68,76.800003,76.459999,76.610001,137900,68.366173
2012-03-21,76.589996,76.709999,76.43,76.580002,7900,68.339386
2012-03-22,76.050003,76.449997,76.019997,76.349998,15700,68.134125
2012-03-23,76.330002,76.529999,76.209999,76.510002,50800,68.276932
2012-03-26,76.699997,77.510002,76.610001,77.480003,21000,69.448441
2012-03-27,77.690002,77.949997,77.550003,77.599998,28000,69.555984
2012-03-28,77.68,77.970001,77.050003,77.440002,21500,69.412598
2012-03-29,77.120003,77.660004,77.019997,77.580002,30900,69.538101
2012-03-30,77.900002,78.32,77.860001,78.199997,31800,70.093803
2012-04-02,78.18,78.660004,78.040001,78.480003,62600,70.344772
2012-04-03,78.379997,78.669998,78.239998,78.660004,119100,70.506134
2012-04-04,78.279999,78.279999,77.93,78.089996,7500,69.995216
2012-04-05,77.849998,78.139999,77.720001,78.139999,10500,70.040024
2012-04-09,77.18,77.330002,77,77.019997,31300,69.036125
2012-04-10,76.849998,77.040001,75.959999,75.980003,32500,68.103928
2012-04-11,76.510002,76.660004,76.209999,76.239998,37000,68.33696
2012-04-12,76.339996,76.769997,76.290001,76.690002,11200,68.740334
2012-04-13,76.620003,76.620003,75.879997,75.879997,28100,68.01429
2012-04-16,76.099998,76.099998,75.589996,75.870003,72700,68.005341
2012-04-17,76.160004,77.029999,76.160004,76.919998,14700,68.946503
2012-04-18,76.849998,77.07,76.809998,76.830002,15200,68.865829
2012-04-19,77.239998,77.730003,76.830002,77.150002,24900,69.152664
2012-04-20,77.370003,77.889999,77.32,77.510002,21400,69.475334
2012-04-23,76.839996,77.019997,76.699997,77,15200,69.018204
2012-04-24,77,77.349998,76.900002,77.190002,20200,69.188484
2012-04-25,77.589996,78.169998,77.589996,78.080002,8600,69.986237
2012-04-26,77.790001,78.199997,77.620003,78.080002,21500,69.986237
2012-04-27,78.260002,78.410004,77.910004,78.209999,24900,70.102745
2012-04-30,78.18,78.379997,77.889999,78.050003,322700,69.959366
2012-05-01,77.919998,78.610001,77.75,78.32,39700,70.20137
2012-05-02,78.050003,78.32,78.040001,78.230003,14000,70.120697
2012-05-03,78.279999,78.279999,77.730003,77.870003,20000,69.798019
2012-05-04,77.629997,77.629997,76.800003,76.830002,20300,68.865829
2012-05-07,76.589996,77.419998,76.589996,77.169998,96000,69.170555
2012-05-08,76.779999,77.400002,76.419998,77.400002,27200,69.376724
2012-05-09,76.68,77.089996,76.260002,76.690002,41000,68.740334
2012-05-10,77.169998,77.480003,77.150002,77.169998,10200,69.170555
2012-05-11,77.080002,77.730003,77.07,77.209999,27000,69.206444
2012-05-14,76.57,77.290001,76.489998,76.980003,15300,69.000259
2012-05-15,76.940002,77.07,76.360001,76.57,14000,68.632736
2012-05-16,76.709999,76.940002,76.540001,76.690002,19000,68.740334
2012-05-17,76.620003,76.660004,75.779999,75.779999,27000,67.924644
2012-05-18,76.110001,76.110001,74.900002,75.050003,50600,67.270348
2012-05-21,75.300003,75.970001,75.199997,75.970001,17100,68.094986
2012-05-22,76.07,76.480003,75.610001,75.779999,67000,67.924644
2012-05-23,75.400002,75.739998,74.690002,75.370003,21000,67.557167
2012-05-24,75.470001,76.129997,75.470001,76.129997,67100,68.238388
2012-05-25,76.099998,76.400002,75.900002,76.029999,8500,68.148727
2012-05-29,76.279999,76.639999,76,76.300003,366100,68.390755
2012-05-30,75.949997,76.010002,75.580002,75.690002,33100,67.843994
2012-05-31,75.709999,75.839996,74.989998,75.389999,26600,67.575089
2012-06-01,74.650002,74.790001,73.900002,73.959999,47000,66.293327
2012-06-04,73.989998,74.190002,73.639999,74.129997,61300,66.445686
2012-06-05,73.980003,74.699997,73.919998,74.639999,18800,66.902802
2012-06-06,74.860001,75.610001,74.790001,75.610001,65300,67.772278
2012-06-07,76.32,76.32,75.57,75.610001,40200,67.772278
2012-06-08,75.529999,76.290001,75.510002,76.25,17100,68.345924
2012-06-11,76.519997,76.519997,75.410004,75.410004,23400,67.59301
2012-06-12,75.610001,76.150002,75.309998,76.150002,17000,68.256287
2012-06-13,76.099998,76.559998,75.959999,75.980003,11600,68.103928
2012-06-14,76.720001,77.230003,76.589996,77.029999,12800,69.045074
2012-06-15,77.269997,77.610001,77.239998,77.550003,28200,69.511215000000007
2012-06-18,77.260002,78.019997,77.260002,77.93,18500,69.851807
2012-06-19,77.910004,78.589996,77.910004,78.370003,14400,70.54039
2012-06-20,78.129997,78.459999,77.870003,78.209999,25700,70.396362
2012-06-21,78.269997,78.379997,77.150002,77.18,41800,69.469223
2012-06-22,77.589996,78.279999,77.489998,78.139999,24600,70.333321
2012-06-25,77.260002,77.360001,77.059998,77.099998,163000,69.397255
2012-06-26,77.32,77.610001,77.129997,77.43,21500,69.694305
2012-06-27,77.599998,78.540001,77.599998,78.290001,33900,70.468376
2012-06-28,77.919998,78.010002,77.199997,78,21700,70.207336
2012-06-29,79.110001,79.5,79.019997,79.5,49400,71.557472
2012-07-02,79.199997,79.949997,79.199997,79.860001,114900,71.881516
2012-07-03,79.830002,80.019997,79.589996,79.75,22100,71.782501
2012-07-05,79.349998,79.720001,79.32,79.410004,39200,71.476471
2012-07-06,78.980003,79.099998,78.57,78.940002,49900,71.053413
2012-07-09,78.800003,79.480003,78.800003,79.459999,27600,71.521461
2012-07-10,79.720001,79.809998,78.690002,78.889999,16800,71.0084
2012-07-11,78.910004,78.989998,78.410004,78.82,58300,70.945396
2012-07-12,78.589996,79.269997,78.360001,79.029999,24300,71.134445
2012-07-13,79.199997,79.989998,79.199997,79.940002,40800,71.953522
2012-07-16,79.839996,80.129997,79.669998,79.989998,10400,71.998505
2012-07-17,80.120003,81.139999,79.949997,80.980003,37900,72.889603
2012-07-18,80.82,81.370003,80.620003,81.239998,123700,73.123627
2012-07-19,81.360001,81.360001,80.760002,81.150002,39800,73.042618
2012-07-20,80.75,80.75,80.040001,80.099998,21300,72.097527
2012-07-23,79.209999,79.32,78.75,79.190002,31800,71.278442
2012-07-24,79.199997,79.199997,77.870003,78.300003,22300,70.477364
2012-07-25,78.540001,78.730003,78.160004,78.540001,31800,70.693375
2012-07-26,79.410004,79.730003,79.120003,79.330002,56200,71.404465
2012-07-27,79.739998,81.410004,79.739998,81.230003,24200,73.114639
2012-07-30,81.120003,81.120003,80.739998,80.779999,15400,72.709572
2012-07-31,80.870003,81.040001,80.279999,80.32,23600,72.295547
2012-08-01,80.480003,80.839996,80.18,80.230003,92500,72.214539
2012-08-02,79.720001,79.989998,79.07,79.529999,15200,71.584488
2012-08-03,80.190002,80.93,80.190002,80.480003,14000,72.43956
2012-08-06,80.769997,80.779999,80.459999,80.589996,126600,72.538574
2012-08-07,80.540001,80.75,80.43,80.489998,111100,72.448555
2012-08-08,80.389999,80.839996,80.389999,80.709999,24600,72.646584
2012-08-09,80.589996,80.980003,80.5,80.629997,48900,72.574577
2012-08-10,80.620003,81.059998,80.57,81.010002,34500,72.916603
2012-08-13,80.940002,80.940002,80.459999,80.769997,17200,72.700562
2012-08-14,81.059998,81.190002,80.949997,81.029999,16900,72.934631
2012-08-15,81.220001,81.5,81.160004,81.32,25600,73.195618
2012-08-16,81.230003,81.349998,80.889999,81.160004,13300,73.051636
2012-08-17,81.199997,81.199997,80.639999,80.839996,23100,72.76358
2012-08-20,80.75,81.059998,80.739998,81.050003,39900,72.952606
2012-08-21,80.949997,81.239998,80.699997,80.739998,28900,72.673584
2012-08-22,80.629997,80.959999,80.610001,80.839996,16400,72.76358
2012-08-23,80.709999,80.879997,80.580002,80.760002,37200,72.691582
2012-08-24,80.769997,81.540001,80.769997,81.449997,32300,73.312645
2012-08-27,81.260002,81.739998,81.230003,81.480003,55700,73.339645
2012-08-28,81.449997,81.629997,81.260002,81.360001,18700,73.231636
2012-08-29,81.440002,81.959999,81.440002,81.629997,31500,73.474663
2012-08-30,81.410004,81.580002,81.099998,81.379997,22400,73.249626
2012-08-31,81.889999,81.93,81.300003,81.660004,33000,73.501686
2012-09-04,81.639999,82.169998,81.269997,81.959999,126100,73.77169
2012-09-05,82.150002,82.309998,81.800003,82,39300,73.807671
2012-09-06,82.339996,83.400002,82.339996,83.349998,20100,75.022842
2012-09-07,83.559998,83.559998,83.089996,83.330002,21700,75.004845
2012-09-10,83.269997,83.400002,83.099998,83.099998,11500,74.797798
2012-09-11,83.220001,83.309998,83.029999,83.07,24700,74.770821
2012-09-12,83.290001,83.32,83,83.120003,28200,74.815804
2012-09-13,82.970001,84.059998,82.959999,83.949997,22500,75.562881
2012-09-14,84.050003,84.07,83.529999,83.660004,21600,75.301872
2012-09-17,83.669998,84.160004,83.669998,84.099998,23400,75.697906
2012-09-18,84.129997,84.57,84.040001,84.470001,55400,76.030945
2012-09-19,84.599998,84.830002,84.43,84.540001,19400,76.093956
2012-09-20,84.489998,84.870003,84.300003,84.849998,20400,76.372971
2012-09-21,85.040001,85.459999,84.989998,85.279999,30700,76.76001
2012-09-24,84.900002,85.419998,84.900002,85.300003,68300,76.778015
2012-09-25,85.07,85.720001,84.82,84.830002,227500,76.678596
2012-09-26,84.879997,85.160004,84.260002,84.290001,46200,76.190475
2012-09-27,84.629997,85.080002,84.470001,84.889999,38100,76.732811
2012-09-28,84.669998,84.769997,84.209999,84.589996,107900,76.461624
2012-10-01,84.800003,85.510002,84.800003,84.989998,321100,76.823204
2012-10-02,85.410004,85.68,85.080002,85.529999,79400,77.311302
2012-10-03,85.660004,86.18,85.510002,86.150002,33700,77.871742
2012-10-04,86.349998,86.879997,86.209999,86.610001,30400,78.287552
2012-10-05,86.900002,87.110001,86.5,86.68,44700,78.350838
2012-10-08,86.5,86.599998,86.199997,86.589996,24000,78.269455
2012-10-09,86.300003,86.300003,85.389999,85.389999,38600,77.184776
2012-10-10,85.440002,85.440002,84.550003,84.82,26700,76.669548
2012-10-11,85.129997,85.480003,84.919998,84.93,163800,76.768974
2012-10-12,85.209999,85.349998,84.720001,84.800003,24100,76.651482
2012-10-15,84.879997,85.919998,84.879997,85.849998,18100,77.600578
2012-10-16,86.260002,86.739998,86.260002,86.690002,84900,78.359856
2012-10-17,86.779999,86.889999,86.540001,86.800003,30800,78.45929
2012-10-18,86.43,86.699997,86.150002,86.669998,18600,78.341774
2012-10-19,86.57,86.57,84.970001,85.139999,33900,76.958817
2012-10-22,85.110001,85.18,84.660004,85.169998,270600,76.985924
2012-10-23,84.260002,84.510002,83.489998,84,75300,75.928352
2012-10-24,84.309998,84.519997,84.059998,84.089996,41900,76.009682
2012-10-25,84.529999,84.940002,84.379997,84.720001,21900,76.579147
2012-10-26,84.57,84.690002,83.809998,84.190002,88900,76.10006
2012-10-31,84.339996,84.379997,83.199997,83.470001,141900,75.44928
2012-11-01,83.540001,84.580002,83.540001,84.209999,102000,76.118149
2012-11-02,84.519997,84.519997,83.660004,83.660004,114600,75.621017
2012-11-05,83.550003,84.059998,83.370003,83.959999,59700,75.892197
2012-11-06,83.779999,84.440002,83.550003,84.029999,16700,75.955467
2012-11-07,83.339996,83.449997,81.860001,82.610001,212900,74.671913
2012-11-08,82.540001,82.589996,81.580002,81.620003,68900,73.777039
2012-11-09,81.419998,82.410004,81.370003,81.910004,66400,74.039162
2012-11-12,82.370003,82.639999,82.129997,82.309998,34800,74.400757
2012-11-13,82.089996,82.809998,81.93,81.940002,178100,74.066292
2012-11-14,82.099998,82.150002,80.699997,80.860001,125800,73.090088
2012-11-15,80.779999,80.879997,80.32,80.720001,52900,72.963509
2012-11-16,80.68,81.580002,80.650002,81.370003,58900,73.551064
2012-11-19,82.059998,82.290001,82,82.25,293300,74.346519
2012-11-20,82.279999,82.779999,82.129997,82.779999,70400,74.825569
2012-11-21,83.059998,83.059998,82.699997,82.900002,64000,74.934044
2012-11-23,83.050003,83.800003,83.050003,83.800003,18100,75.747574
2012-11-26,83.379997,83.379997,83,83.379997,20800,75.367897
2012-11-27,83.129997,83.470001,82.849998,82.93,34500,74.961166
2012-11-28,82.790001,83.510002,82.220001,83.510002,104400,75.48542
2012-11-29,83.82,84.290001,83.790001,84.160004,27800,76.072983
2012-11-30,84.220001,84.330002,83.879997,84.18,33800,76.091042
2012-12-03,84.379997,84.669998,83.860001,84.010002,162800,75.937386
2012-12-04,83.949997,84.379997,83.949997,84.129997,42700,76.045853
2012-12-05,84.25,84.669998,83.870003,84.419998,38400,76.307983
2012-12-06,84.459999,84.489998,84.209999,84.389999,22300,76.280869
2012-12-07,84.410004,84.650002,84,84.629997,54900,76.497833
2012-12-10,84.489998,85.150002,84.489998,84.970001,141800,76.80513
2012-12-11,85.279999,86.050003,85.260002,85.830002,30200,77.582512
2012-12-12,86.019997,86.290001,85.620003,85.620003,32400,77.392677
2012-12-13,85.620003,85.779999,84.830002,84.910004,103100,76.7509
2012-12-14,84.839996,84.970001,84.480003,84.599998,49900,76.470688
2012-12-17,84.690002,85.190002,84.690002,85.190002,156900,77.003998
2012-12-18,85.370003,86.010002,85.120003,85.919998,63300,77.663849
2012-12-19,85.699997,85.699997,84.720001,84.720001,57100,76.925629
2012-12-20,84.57,84.849998,84.440002,84.779999,32900,76.98011
2012-12-21,84.029999,84.360001,83.849998,84.129997,218300,76.389931
2012-12-24,83.910004,84.029999,83.709999,83.849998,72100,76.135704
2012-12-26,83.93,83.93,83.190002,83.459999,22700,75.78157
2012-12-27,83.459999,83.769997,82.610001,83.470001,189300,75.790649
2012-12-28,82.940002,83.25,82.480003,82.480003,29000,74.891731
2012-12-31,82.269997,83.510002,82.099998,83.510002,73000,75.826965
2013-01-02,84.510002,85.150002,84.440002,85.089996,143000,77.261612
2013-01-03,85.160004,85.349998,84.849998,85.260002,84200,77.415977
2013-01-04,85.480003,85.790001,85.440002,85.620003,73500,77.742851
2013-01-07,85.519997,86.050003,85.379997,86.050003,133300,78.133301
2013-01-08,85.919998,86.25,85.910004,85.959999,61000,78.051575
2013-01-09,86.269997,86.940002,86.269997,86.940002,40200,78.941414
2013-01-10,87.220001,87.639999,86.860001,87.540001,38600,79.486191
2013-01-11,87.589996,87.660004,87.230003,87.410004,39500,79.368164
2013-01-14,87.43,87.699997,87.239998,87.529999,103600,79.477119
2013-01-15,87.230003,87.589996,87.230003,87.5,25500,79.449883
2013-01-16,87.440002,87.489998,87.25,87.32,28500,79.286461
2013-01-17,87.650002,88.260002,87.550003,88.110001,58500,80.003754
2013-01-18,88.059998,88.300003,87.790001,88.300003,33200,80.176262
2013-01-22,88.230003,88.639999,87.900002,88.639999,49300,80.485001
2013-01-23,88.510002,88.699997,88.209999,88.410004,83400,80.276169
2013-01-24,88.620003,89.279999,88.620003,89.059998,76500,80.866356
2013-01-25,89.300003,89.809998,89.019997,89.809998,65100,81.54734
2013-01-28,90.099998,90.099998,89.360001,89.410004,115600,81.184143
2013-01-29,89.419998,90.410004,89.419998,90.199997,747900,81.901474
2013-01-30,90.309998,90.489998,89.93,89.989998,213300,81.710793
2013-01-31,89.889999,90.099998,89.75,89.769997,59100,81.511024
2013-02-01,90.099998,90.690002,89.959999,90.620003,173100,82.282845
2013-02-04,90.029999,90.199997,89.529999,89.550003,39300,81.311264
2013-02-05,89.919998,90.669998,89.919998,90.550003,284600,82.219284
2013-02-06,90.410004,90.629997,90.199997,90.470001,58900,82.146637
2013-02-07,90.510002,90.510002,89.599998,90.110001,40200,81.819763
2013-02-08,90.279999,90.760002,90.260002,90.760002,69600,82.409958
2013-02-11,90.610001,90.610001,90.379997,90.519997,16200,82.192024
2013-02-12,90.620003,90.620003,90.330002,90.379997,39900,82.064903
2013-02-13,90.489998,90.489998,90.099998,90.400002,25400,82.083084
2013-02-14,90.25,90.709999,90.190002,90.599998,23300,82.264679
2013-02-15,90.690002,90.879997,90.459999,90.690002,36700,82.346397
2013-02-19,90.550003,91.279999,90.550003,91.269997,31100,82.873024
2013-02-20,91.32,91.400002,90.709999,90.739998,58700,82.391785
2013-02-21,90.459999,90.540001,89.970001,90.260002,32100,81.955956
2013-02-22,90.629997,90.779999,90.370003,90.75,23800,82.400902
2013-02-25,91.160004,91.339996,89.75,89.75,16700,81.492882
2013-02-26,90.040001,90.190002,89.440002,89.940002,24700,81.665398
2013-02-27,89.949997,91.25,89.709999,90.940002,22900,82.573402
2013-02-28,91.029999,91.57,90.900002,90.93,41500,82.564323
2013-03-01,90.610001,91.580002,90.440002,91.510002,167300,83.090942
2013-03-04,91.360001,92.129997,91.239998,92.129997,55600,83.653885
2013-03-05,92.529999,93.019997,92.5,92.919998,81700,84.371254
2013-03-06,93.080002,93.300003,92.900002,93.129997,50200,84.56189
2013-03-07,93.230003,93.449997,92.989998,93.080002,47300,84.51651
2013-03-08,93.43,93.449997,92.860001,93.379997,69700,84.788895
2013-03-11,93.489998,93.800003,93.139999,93.800003,112000,85.170273
2013-03-12,94,94.199997,93.919998,94.139999,41800,85.478966
2013-03-13,94.139999,94.260002,93.839996,94.190002,26600,85.524399
2013-03-14,94.349998,94.379997,94.050003,94.360001,35900,85.678726
2013-03-15,93.980003,94.309998,93.75,93.949997,38700,85.306465
2013-03-18,93.5,93.910004,93.129997,93.5,524300,84.897881
2013-03-19,93.720001,93.900002,93.080002,93.540001,57000,84.934181
2013-03-20,93.910004,94.559998,93.910004,94.440002,132800,85.751396
2013-03-21,94.150002,94.379997,93.660004,93.900002,68700,85.261063
2013-03-22,94.209999,94.510002,94.160004,94.510002,27700,85.814949
2013-03-25,94.440002,94.559998,93.550003,93.949997,69200,85.574509
2013-03-26,94.099998,95.080002,94.099998,95.080002,30400,86.603752
2013-03-27,94.800003,95.629997,94.519997,95.599998,72100,87.077393
2013-03-28,95.660004,96.540001,95.660004,96.419998,94200,87.82428
2013-04-01,96.489998,96.739998,96.120003,96.660004,236400,88.042877
2013-04-02,97.290001,98.019997,97.290001,97.940002,116200,89.208786
2013-04-03,98.129997,98.129997,97.010002,97.199997,70700,88.53476
2013-04-04,97.580002,98.089996,97.190002,97.629997,151900,88.926407
2013-04-05,96.800003,97.040001,96.510002,97,58400,88.352585
2013-04-08,96.959999,97.169998,96.32,97.169998,43600,88.507423
2013-04-09,97.459999,97.910004,97.339996,97.519997,46700,88.826225
2013-04-10,97.809998,99.150002,97.809998,99.150002,31400,90.310913
2013-04-11,99.279999,100.389999,99.279999,100.099998,48000,91.176224
2013-04-12,99.860001,100.360001,99.690002,100.209999,78300,91.276421
2013-04-15,100.209999,100.330002,98.279999,98.279999,54200,89.518486
2013-04-16,99.120003,99.879997,98.699997,99.839996,52200,90.9394
2013-04-17,99.349998,99.589996,98.580002,99.370003,45800,90.511284
2013-04-18,99.459999,99.459999,97.949997,98.120003,81700,89.372742
2013-04-19,98.970001,100.110001,98.699997,100.110001,59200,91.185318
2013-04-22,100.449997,100.730003,99.93,100.580002,74800,91.613426
2013-04-23,100.989998,101.650002,100.389999,101.25,66000,92.223709
2013-04-24,100.809998,100.919998,99.440002,99.489998,196900,90.620598
2013-04-25,100.019997,100.209999,99.379997,99.989998,265000,91.076035
2013-04-26,99.650002,100.129997,99.5,100.019997,52700,91.103348
2013-04-29,100.43,100.709999,100.25,100.419998,108600,91.467705
2013-04-30,100.18,100.18,99.300003,99.629997,114000,90.748108
2013-05-01,98.879997,99.449997,98.489998,98.57,124000,89.782623
2013-05-02,99.190002,99.730003,99.07,99.620003,113800,90.739021
2013-05-03,100.510002,100.699997,100,100.150002,82000,91.221771
2013-05-06,100.43,100.43,99.580002,99.650002,65100,90.766335
2013-05-07,99.93,100.010002,99.529999,99.870003,41700,90.966713
2013-05-08,99.93,100.379997,99.730003,100.160004,33500,91.230873
2013-05-09,100.199997,100.639999,99.919998,100.25,301000,91.312859
2013-05-10,100.209999,101.459999,100.209999,101.459999,26900,92.414993
2013-05-13,101.540001,102.290001,101.199997,102.269997,51600,93.152756
2013-05-14,102.370003,103.379997,102.370003,103.339996,35300,94.12738
2013-05-15,103.330002,104.220001,103.150002,103.669998,108700,94.427948
2013-05-16,103.540001,103.540001,102.470001,102.550003,57900,93.407799
2013-05-17,102.790001,103.07,102.330002,103.07,34500,93.881439
2013-05-20,103,103.169998,102.25,102.370003,65400,93.243866
2013-05-21,102.5,103.5,102.410004,103.419998,104700,94.200264
2013-05-22,103.900002,105.660004,102.809998,103.290001,81000,94.081848
2013-05-23,102.220001,103.699997,102.129997,103.400002,31900,94.18203
2013-05-24,102.900002,103.230003,102.400002,103.129997,24500,93.936096
2013-05-28,104.120003,105.029999,103.769997,104.139999,45800,94.856056
2013-05-29,103.779999,103.779999,102.050003,102.610001,44300,93.462448
2013-05-30,102.800003,103.779999,102.690002,103.419998,45800,94.200264
2013-05-31,103.110001,103.379997,101.209999,101.220001,47600,92.196373
2013-06-03,101.800003,101.800003,100.709999,101.690002,123000,92.624466
2013-06-04,101.800003,102.139999,100.57,100.980003,75000,91.977745
2013-06-05,100.800003,101.309998,99.260002,99.480003,92200,90.611488
2013-06-06,99.510002,100.860001,99.029999,100.849998,69300,91.859352
2013-06-07,101.550003,102.379997,101.550003,101.989998,53400,92.897728
2013-06-10,102.300003,102.389999,101.800003,102.239998,104300,93.12545
2013-06-11,101.510002,102.400002,101,101.779999,127300,92.706467
2013-06-12,102.389999,102.610001,100.760002,100.760002,57300,91.777397
2013-06-13,100.550003,102.330002,100.010002,102.269997,45100,93.152756
2013-06-14,102.059998,102.580002,101.849998,101.989998,60300,92.897728
2013-06-17,102.610001,102.989998,101.730003,102.160004,43200,93.052574
2013-06-18,102.389999,103.080002,102.279999,103.029999,45500,93.845001
2013-06-19,103.040001,103.089996,101.379997,101.389999,63100,92.351219
2013-06-20,100.660004,100.669998,98.440002,98.730003,142700,89.928345
2013-06-21,99.300003,100.300003,98.769997,99.760002,97400,90.866531
2013-06-24,98.720001,99.730003,98,98.879997,467600,90.064987
2013-06-25,99.650002,99.82,98.830002,99.470001,107200,90.602371
2013-06-26,99.800003,100.889999,99.769997,100.459999,53700,91.820755
2013-06-27,101.040001,101.400002,100.809998,100.870003,41900,92.19548
2013-06-28,100.879997,101.110001,100.190002,100.190002,65100,91.573975
2013-07-01,100.690002,101.879997,100.580002,100.730003,987500,92.067543
2013-07-02,100.620003,101.129997,100.300003,100.540001,47200,91.893875
2013-07-03,100.150002,100.650002,99.75,100.309998,17500,91.683647
2013-07-05,101.120003,101.730003,100.790001,101.699997,22900,92.954117
2013-07-08,102.220001,102.440002,102,102.279999,39200,93.48423
2013-07-09,102.57,102.709999,102.139999,102.589996,111300,93.767578
2013-07-10,102.669998,103.43,102.589996,103.260002,87100,94.379967
2013-07-11,104.239998,104.660004,104.120003,104.580002,41500,95.586441
2013-07-12,104.529999,105.339996,104.349998,105.269997,36300,96.217087
2013-07-15,105.5,105.5,104.940002,105.379997,83800,96.317619
2013-07-16,105.489998,105.580002,104.519997,104.779999,51200,95.769234
2013-07-17,105.18,105.489998,104.900002,105.010002,39500,95.979462
2013-07-18,105.199997,105.620003,105.199997,105.290001,32000,96.235397
2013-07-19,105.18,106.660004,105.019997,106.629997,40800,97.460152
2013-07-22,106.949997,107.400002,106.43,107.129997,3383500,97.917145
2013-07-23,107.290001,107.290001,106.57,106.690002,179400,97.514992
2013-07-24,107.099998,107.099998,106.330002,106.629997,59100,97.460152
2013-07-25,106.510002,107.209999,105.940002,107.209999,90600,97.990273
2013-07-26,107.150002,107.779999,106.400002,107.779999,45300,98.511269
2013-07-29,107.650002,107.940002,107.169998,107.440002,1623600,98.200485
2013-07-30,107.849998,107.940002,107.029999,107.489998,164600,98.246185
2013-07-31,107.669998,108.449997,107.580002,107.709999,92100,98.447281
2013-08-01,108.279999,108.510002,108.18,108.440002,166900,99.114517
2013-08-02,108.43,108.43,108,108.379997,196200,99.059662
2013-08-05,108.309998,108.610001,108.099998,108.279999,48900,98.968246
2013-08-06,108.07,108.230003,107.459999,107.650002,320900,98.392418
2013-08-07,107.43,107.910004,107.110001,107.650002,44800,98.392418
2013-08-08,107.830002,108.089996,107.400002,107.739998,161100,98.474678
2013-08-09,107.419998,108.029999,107.190002,107.379997,51400,98.145668
2013-08-12,107.019997,107.239998,106.690002,106.989998,177700,97.789192
2013-08-13,107.360001,107.519997,106.410004,107.239998,84200,98.017677
2013-08-14,107.019997,107.550003,106.459999,106.459999,83700,97.304771
2013-08-15,105.910004,105.910004,104.620003,104.699997,149000,95.696121
2013-08-16,104.610001,104.629997,104.050003,104.150002,425400,95.193428
2013-08-19,104.080002,104.809998,103.93,104.32,53000,95.348793
2013-08-20,104.279999,105.019997,104.279999,104.629997,191500,95.632133
2013-08-21,104.489998,105.160004,103.93,104.220001,333200,95.257401
2013-08-22,104.330002,105.029999,104.309998,104.860001,78900,95.842369
2013-08-23,104.769997,105.18,104.5,105.07,54700,96.034325
2013-08-26,105.480003,106.019997,105.269997,105.459999,519000,96.39077
2013-08-27,104.489998,104.650002,103.419998,103.510002,106700,94.608459
2013-08-28,103.5,104.389999,103.220001,104.029999,65200,95.083725
2013-08-29,103.809998,105.040001,103.769997,104.419998,38900,95.440201
2013-08-30,104.610001,104.610001,103.629997,103.919998,106200,94.983192
2013-09-03,105.019997,105.209999,104.050003,104.510002,549500,95.522453
2013-09-04,104.75,105.910004,104.669998,105.779999,150200,96.683258
2013-09-05,105.900002,106.099998,105.629997,105.970001,62600,96.856903
2013-09-06,106.199997,106.68,104.949997,106.080002,66200,96.957451
2013-09-09,106.25,106.839996,106,106.830002,64300,97.642929
2013-09-10,107.379997,107.559998,106.949997,107.389999,120900,98.154808
2013-09-11,107.599998,108.040001,107.32,107.959999,70100,98.675781
2013-09-12,108.18,108.290001,107.75,107.82,48300,98.547798
2013-09-13,108.099998,108.099998,107.650002,107.949997,41600,98.666626
2013-09-16,109.269997,109.339996,108.75,109.010002,752500,99.635475
2013-09-17,109.129997,109.129997,108.660004,109.099998,100800,99.717743
2013-09-18,109,110,108.480003,109.830002,102200,100.384972
2013-09-19,109.849998,110.150002,109.169998,109.410004,66400,100.001091
2013-09-20,109.480003,109.760002,108.989998,109.190002,50800,99.799995
2013-09-23,108.970001,108.970001,107.860001,108.330002,863700,99.013947
2013-09-24,107.910004,108.209999,107.529999,107.550003,107900,98.568542
2013-09-25,107.779999,107.779999,106.75,106.769997,82000,97.853676
2013-09-26,106.989998,107.589996,106.879997,107.239998,62500,98.284416
2013-09-27,106.889999,107.360001,106.669998,107.160004,62000,98.211105
2013-09-30,106.419998,107.160004,106.25,106.919998,226700,97.991158
2013-10-01,106.959999,108.410004,106.959999,108.410004,969600,99.356728
2013-10-02,107.650002,108.239998,107.480003,108.220001,1093900,99.182579
2013-10-03,107.860001,107.919998,106.769997,107.239998,291000,98.284416
2013-10-04,107.519997,108.379997,107.230003,108.209999,168200,99.173447
2013-10-07,107.620003,107.779999,107.050003,107.120003,94200,98.174446
2013-10-08,106.989998,107.019997,105.260002,105.279999,389700,96.488098
2013-10-09,105.370003,105.470001,104.349998,105.010002,1257400,96.240662
2013-10-10,106.260002,107.330002,106.260002,107.110001,1877600,98.165276
2013-10-11,107.489998,107.970001,107.260002,107.809998,260600,98.806816
2013-10-14,107.379997,108.610001,107.059998,108.550003,2137800,99.485046
2013-10-15,108.5,108.800003,107.830002,107.959999,176200,98.944313
2013-10-16,108.629997,110.269997,108.629997,110.260002,821200,101.052223
2013-10-17,109.629997,111.120003,109.589996,111.040001,81100,101.76709
2013-10-18,111.150002,111.150002,110.050003,110.610001,603100,101.373016
2013-10-21,110.519997,110.529999,109.769997,110.080002,148700,100.88726
2013-10-22,110.339996,111.360001,110.300003,111.190002,82500,101.904587
2013-10-23,110.900002,111.18,110.470001,111.089996,65400,101.812912
2013-10-24,111.379997,111.470001,110.849998,110.940002,90800,101.675446
2013-10-25,111.010002,111.029999,110.440002,111.029999,57700,101.757919
2013-10-28,110.879997,111.550003,110.779999,111.32,1207400,102.023705
2013-10-29,111.459999,112.019997,111.260002,112.010002,103100,102.65609
2013-10-30,112.300003,112.330002,111.050003,111.290001,165800,101.996216
2013-10-31,111.489998,111.650002,110.629997,110.93,61200,101.66629
2013-11-01,110.809998,111.559998,110.660004,111.389999,252600,102.087868
2013-11-04,111.629997,111.839996,111.239998,111.519997,65000,102.207016
2013-11-05,111.32,111.449997,110.800003,111.290001,42900,101.996216
2013-11-06,111.589996,111.849998,110.769997,110.82,80500,101.565468
2013-11-07,111.300003,111.519997,109.790001,109.790001,45800,100.62149
2013-11-08,109.849998,111.610001,109.849998,111.550003,53200,102.234497
2013-11-11,111.699997,112.080002,111.650002,111.910004,61100,102.564445
2013-11-12,111.639999,111.919998,111.349998,111.879997,26900,102.536942
2013-11-13,111.470001,112.589996,111.120003,112.589996,51600,103.18766
2013-11-14,112.830002,113.610001,112.830002,113.5,83300,104.021652
2013-11-15,113.360001,114.029999,113.330002,114.029999,48900,104.507423
2013-11-18,114.349998,114.419998,113.290001,113.459999,70600,103.984978
2013-11-19,113.400002,113.769997,112.940002,113.580002,66000,104.094978
2013-11-20,113.730003,114.540001,113.57,113.959999,75400,104.44323
2013-11-21,114.300003,114.839996,114.260002,114.580002,163500,105.011459
2013-11-22,115.089996,116.029999,114.949997,115.989998,73700,106.303703
2013-11-25,116.410004,116.970001,116.290001,116.349998,278900,106.633659
2013-11-26,116.690002,116.690002,116,116,263000,106.312874
2013-11-27,116.489998,116.510002,115.940002,116.099998,134100,106.404533
2013-11-29,116.379997,116.529999,116,116.110001,34200,106.413696
2013-12-02,116.190002,116.449997,115.75,116.220001,339300,106.514496
2013-12-03,115.900002,115.900002,114.970001,115.150002,495300,105.533875
2013-12-04,114.860001,115.5,113.889999,114.839996,69600,105.249756
2013-12-05,114.650002,115.199997,114.360001,114.519997,124100,104.956451
2013-12-06,115.410004,116,115.150002,115.989998,249300,106.303703
2013-12-09,116.790001,116.790001,115.989998,116.089996,74600,106.395355
2013-12-10,116.029999,116.050003,115.129997,115.540001,105100,105.891296
2013-12-11,115.550003,115.550003,113.389999,113.5,175200,104.021652
2013-12-12,113.459999,113.559998,112.790001,112.830002,55500,103.407616
2013-12-13,113.25,113.300003,112.510002,112.970001,75900,103.535934
2013-12-16,113.580002,114.18,113,113.230003,123400,103.774208
2013-12-17,113.480003,113.480003,112.040001,112.580002,66500,103.178482
2013-12-18,112.889999,115.110001,112.379997,114.940002,64300,105.341415
2013-12-19,114.839996,114.980003,114.43,114.849998,94400,105.258919
2013-12-20,115.269997,115.940002,115.099998,115.730003,109000,106.065445
2013-12-23,115.910004,115.970001,115.580002,115.800003,71800,106.440453
2013-12-24,115.849998,115.970001,115.550003,115.779999,36000,106.422058
2013-12-26,115.800003,116.480003,115.800003,116.440002,97700,107.028717
2013-12-27,116.650002,116.709999,116.110001,116.239998,67800,106.873329
2013-12-30,116.459999,116.540001,115.830002,116.540001,57100,107.149155
2013-12-31,116.639999,116.75,116.160004,116.489998,60800,107.103195
2014-01-02,116.209999,116.379997,115.629997,115.889999,293400,106.551529
2014-01-03,115.93,116.610001,115.93,116.120003,273200,106.763016
2014-01-06,116.349998,116.779999,115.489998,115.699997,217100,106.376862
2014-01-07,116.099998,117.339996,116.099998,116.980003,143300,107.553703
2014-01-08,117.139999,118.209999,116.970001,118.089996,117300,108.574265
2014-01-09,118.300003,118.980003,117.93,118.910004,94500,109.328194
2014-01-10,119.169998,119.449997,118.339996,119.440002,87800,109.815498
2014-01-13,119.610001,120.349998,118.5,118.650002,106700,109.089157
2014-01-14,118.949997,120.480003,118.790001,120.419998,74500,110.716522
2014-01-15,120.550003,120.580002,119.989998,120.309998,96000,110.615379
2014-01-16,120.120003,120.809998,120.050003,120.68,87000,110.955551
2014-01-17,120.839996,121.059998,120.290001,120.599998,122300,110.882011
2014-01-21,121.400002,121.519997,120.300003,121.309998,101600,111.534775
2014-01-22,121.620003,121.620003,121,121.419998,158100,111.635956
2014-01-23,121.080002,121.080002,119.889999,120.540001,78500,110.826828
2014-01-24,120.029999,120.029999,117.669998,117.669998,107500,108.188118
2014-01-27,117.760002,117.769997,116.269997,116.690002,182700,107.287086
2014-01-28,117.389999,118.580002,117.389999,118.169998,147800,108.647835
2014-01-29,117.419998,118.139999,116.779999,117.150002,198600,107.710022
2014-01-30,118.349998,119.449997,118.339996,119.239998,83900,109.631599
2014-01-31,117.889999,118.949997,117.720001,118.230003,224900,108.702965
2014-02-03,118.43,118.860001,115.599998,115.68,3216100,106.358459
2014-02-04,116.360001,116.989998,116.129997,116.910004,378300,107.489342
2014-02-05,116.93,116.989998,115.400002,116.309998,408700,106.937691
2014-02-06,116.449997,117.019997,116.360001,116.809998,127700,107.397408
2014-02-07,117.07,118.940002,116.800003,118.93,144900,109.346573
2014-02-10,119.330002,120.150002,118.900002,120.150002,3509000,110.468285
2014-02-11,120.480003,121.690002,119.970001,121.610001,329700,111.8106
2014-02-12,121.849998,122.309998,121.360001,121.599998,147000,111.80143
2014-02-13,120.919998,122.639999,120.919998,122.599998,124800,112.720856
2014-02-14,122.599998,123.190002,122.330002,123.029999,105400,113.116196
2014-02-18,123.5,124.610001,123.5,124.379997,433100,114.357414
2014-02-19,124.309998,124.660004,123.360001,123.489998,185400,113.539139
2014-02-20,123.720001,124.910004,123.220001,124.769997,994600,114.716003
2014-02-21,124.879997,125.5,124.43,124.660004,150200,114.614868
2014-02-24,125.190002,126.25,125.190002,125.610001,2303800,115.488319
2014-02-25,125.449997,125.879997,124.830002,125.169998,256600,115.083763
2014-02-26,124.959999,125.879997,124.910004,125.209999,155600,115.120537
2014-02-27,124.989998,125.940002,124.870003,125.800003,106600,115.663002
2014-02-28,126.309998,126.849998,124.470001,125.510002,387700,115.39637
2014-03-03,124.330002,125.129997,123.790001,124.580002,738100,114.541313
2014-03-04,126.120003,127.139999,126.019997,126.93,150500,116.701927
2014-03-05,127.169998,127.169998,126.43,126.720001,202400,116.508858
2014-03-06,127.190002,127.629997,125.440002,125.720001,154900,115.589447
2014-03-07,126.260002,126.379997,124.529999,125.379997,142300,115.276833
2014-03-10,125.360001,125.849998,124.68,125.830002,110600,115.690567
2014-03-11,125.980003,126.480003,125.290001,125.470001,101800,115.359589
2014-03-12,124.989998,125.620003,124.580002,125.519997,123700,115.405556
2014-03-13,125.830002,125.870003,123.400002,123.68,140500,113.713821
2014-03-14,123.419998,123.989998,122.910004,123.089996,152000,113.171364
2014-03-17,123.849998,124.769997,123.849998,124.18,156200,114.173523
2014-03-18,124.669998,125.93,124.459999,125.790001,213800,115.653801
2014-03-19,125.910004,126.440002,124.599998,125.360001,220000,115.258446
2014-03-20,125.230003,125.510002,124.68,125.220001,231300,115.129738
2014-03-21,126.050003,126.139999,122.730003,122.849998,241400,112.950714
2014-03-24,123.349998,123.349998,120.349998,121.339996,281300,111.562408
2014-03-25,121.699997,122.989998,120.779999,121.989998,166900,112.430565
2014-03-26,122.629997,123.620003,121.949997,121.989998,219000,112.430565
2014-03-27,122.120003,122.419998,120.760002,121.879997,185100,112.329163
2014-03-28,122.190002,123.339996,120.82,121.209999,282900,111.711693
2014-03-31,122.339996,123.120003,121.849998,123.029999,272900,113.389069
2014-04-01,123.580002,124.57,123.099998,123.889999,395200,114.181686
2014-04-02,124.220001,124.559998,123.860001,124.559998,348500,114.799164
2014-04-03,124.68,124.68,123.160004,123.82,210400,114.117172
2014-04-04,124.470001,125.089996,121.669998,121.839996,153200,112.292328
2014-04-07,121.349998,122.559998,119.980003,120.580002,210000,111.13105
2014-04-08,121.029999,121.099998,118.959999,119.760002,164900,110.37532
2014-04-09,120.019997,122.349998,120.019997,122.339996,104300,112.753128
2014-04-10,122.440002,122.440002,117.860001,118.169998,215200,108.909935
2014-04-11,117.529999,119.089996,116.900002,117.029999,278800,107.85923
2014-04-14,117.669998,118.260002,116.110001,117.379997,260600,108.181786
2014-04-15,117.910004,118.970001,116.050003,118.699997,358200,109.398376
2014-04-16,119.489998,119.769997,118.529999,119.290001,159400,109.942139
2014-04-17,119.029999,119.949997,118.699997,119.43,139500,110.071182
2014-04-21,119.529999,120.769997,119.360001,120.769997,161200,111.30616
2014-04-22,121.620003,122.830002,121.620003,122.190002,113300,112.614891
2014-04-23,122.279999,122.400002,121.160004,121.620003,82900,112.089569
2014-04-24,122.150002,122.150002,120.239998,121.389999,79200,111.877579
2014-04-25,121.169998,121.459999,120.099998,120.099998,187600,110.688667
2014-04-28,122.209999,122.209999,119.550003,121.099998,128100,111.610306
2014-04-29,121.419998,122.059998,121.059998,121.889999,72800,112.338409
2014-04-30,121.540001,122.150002,121.230003,122.019997,318800,112.458214
2014-05-01,121.949997,123.110001,121.440002,122.400002,138100,112.808449
2014-05-02,122.739998,122.739998,121.230003,121.57,275000,112.043488
2014-05-05,120.860001,122.349998,120.279999,122.349998,109100,112.762367
2014-05-06,122.040001,122.239998,121.209999,121.220001,67700,111.720917
2014-05-07,121.519997,121.580002,119.93,121.529999,101400,112.006615
2014-05-08,121.32,122.279999,120.529999,120.800003,92100,111.333839
2014-05-09,120.870003,121.629997,120,121.5,54200,111.978966
2014-05-12,122.059998,122.949997,121.910004,122.870003,100300,113.241615
2014-05-13,122.989998,123.440002,122.870003,122.940002,82200,113.306129
2014-05-14,122.800003,123.400002,122.440002,123,95800,113.361435
2014-05-15,122.389999,122.650002,121.160004,121.730003,249700,112.190941
2014-05-16,121.93,122.169998,121.209999,122.099998,107400,112.531952
2014-05-19,122.110001,122.989998,121.860001,122.959999,145500,113.324562
2014-05-20,122.870003,122.93,121.669998,122.120003,131000,112.550385
2014-05-21,122.290001,123.089996,122.290001,122.93,78200,113.296898
2014-05-22,122.949997,124.220001,122.769997,123.709999,98700,114.015778
2014-05-23,123.790001,124.040001,123.510002,123.889999,81000,114.181686
2014-05-27,124.440002,124.660004,123.910004,124.639999,269600,114.872887
2014-05-28,124.709999,124.809998,124.18,124.25,492900,114.513466
2014-05-29,124.599998,125.029999,124.510002,125.010002,68100,115.213913
2014-05-30,125.099998,125.379997,124.769997,125.32,169300,115.499619
2014-06-02,125.410004,125.550003,124.440002,125.480003,127500,115.647095
2014-06-03,125.230003,125.830002,125.129997,125.800003,65800,115.942001
2014-06-04,125.699997,126.199997,125.370003,126.120003,128000,116.236931
2014-06-05,126.389999,126.940002,125.610001,126.510002,139600,116.596375
2014-06-06,126.989998,126.989998,126.230003,126.43,90700,116.522652
2014-06-09,126.019997,126.360001,125.650002,125.949997,1386600,116.080238
2014-06-10,125.610001,126.330002,125.169998,126.32,234600,116.421257
2014-06-11,125.959999,126.440002,125.860001,126.25,98400,116.356735
2014-06-12,126.199997,126.230003,125.360001,125.650002,61200,115.803764
2014-06-13,125.75,125.800003,125.129997,125.57,92900,115.730034
2014-06-16,126.010002,126.779999,125.330002,125.830002,1588300,115.969666
2014-06-17,125.709999,126.089996,125.449997,125.769997,146600,115.914345
2014-06-18,125.730003,126.769997,125.519997,126.739998,114300,116.808327
2014-06-19,126.860001,127.209999,126.730003,127.209999,138900,117.241516
2014-06-20,127.910004,128.490005,127.580002,128.490005,252500,118.421211
2014-06-23,128.399994,128.669998,127.839996,127.959999,130800,117.932732
2014-06-24,127.699997,128.559998,127.360001,127.440002,149300,117.851364
2014-06-25,127.370003,128.809998,127.370003,128.759995,493900,119.072037
2014-06-26,128.75,128.820007,127.900002,128.770004,75300,119.081314
2014-06-27,128.720001,128.75,128.130005,128.529999,116100,118.859337
2014-06-30,128.679993,128.940002,128.029999,128.210007,1748900,118.563431
2014-07-01,128.649994,130.149994,128.589996,129.960007,774800,120.181755
2014-07-02,129.970001,130.880005,129.720001,130.880005,409000,121.032539
2014-07-03,131.110001,131.429993,130.559998,131.429993,150700,121.541138
2014-07-07,131.130005,131.350006,130.059998,130.229996,774300,120.431435
2014-07-08,129.940002,130.130005,128.350006,128.839996,477400,119.146042
2014-07-09,129.139999,129.460007,128.410004,129.289993,65100,119.562157
2014-07-10,128,129.559998,127.879997,129.289993,82100,119.562157
2014-07-11,129.199997,129.630005,128.699997,129.470001,70000,119.728645
2014-07-14,130.100006,130.149994,129.669998,129.990005,102700,120.209526
2014-07-15,130.229996,130.229996,128.399994,128.649994,180400,118.970322
2014-07-16,129.139999,129.139999,127.790001,128.309998,66100,118.655899
2014-07-17,127.82,128.929993,126.730003,126.879997,221000,117.333504
2014-07-18,127.230003,129.190002,127.150002,128.960007,108100,119.257004
2014-07-21,128.460007,128.630005,127.959999,128.490005,839600,118.822365
2014-07-22,129.190002,129.990005,129.190002,129.589996,171200,119.839592
2014-07-23,130.479996,130.729996,129.830002,130.699997,215600,120.866074
2014-07-24,130.660004,130.960007,130.119995,130.320007,265800,120.514679
2014-07-25,129.940002,130.059998,129.130005,129.800003,84000,120.033806
2014-07-28,129.860001,130.149994,129.130005,129.860001,2493000,120.089279
2014-07-29,130.240005,130.529999,129.869995,130.100006,139900,120.311234
2014-07-30,130.880005,131.210007,130.029999,130.679993,117900,120.84758
2014-07-31,129.910004,129.910004,127.93,127.940002,93700,118.313736
2014-08-01,127.489998,128.630005,126.949997,127.839996,151500,118.221275
2014-08-04,128.229996,128.770004,127.330002,128.520004,147600,118.850105
2014-08-05,127.82,128.509995,127,127.400002,126700,117.814392
2014-08-06,126.559998,127.93,126.400002,127.300003,257400,117.721916
2014-08-07,127.730003,127.860001,125.610001,125.919998,278100,116.445724
2014-08-08,126.129997,127.360001,125.589996,127.25,115500,117.675659
2014-08-11,127.760002,128.059998,127.110001,127.25,883300,117.675659
2014-08-12,127.25,127.410004,126.769997,127.150002,230200,117.583199
2014-08-13,127.360001,128.779999,127.360001,128.779999,119400,119.090561
2014-08-14,128.910004,130.220001,128.779999,130.220001,62700,120.422203
2014-08-15,130.820007,130.949997,129.199997,130.300003,408400,120.49617
2014-08-18,130.979996,131.570007,130.929993,131.440002,1155800,121.550407
2014-08-19,131.75,132.380005,131.199997,132.350006,286600,122.39193
2014-08-20,131.979996,132.509995,131.830002,132.330002,187800,122.373428
2014-08-21,132.479996,132.759995,132.320007,132.419998,146700,122.456673
2014-08-22,132.679993,132.949997,132.259995,132.589996,255200,122.613869
2014-08-25,133.339996,133.919998,133.240005,133.529999,398500,123.483147
2014-08-26,133.679993,134.339996,133.619995,134.270004,200800,124.16746500000001
2014-08-27,134.520004,134.559998,134.039993,134.270004,130000,124.16746500000001
2014-08-28,133.770004,134.410004,133.770004,134.089996,66300,124.001015
2014-08-29,134.369995,134.740005,134.039993,134.600006,73100,124.472641
2014-09-02,134.910004,135.039993,134.130005,134.559998,1270100,124.435654
2014-09-03,135.100006,135.259995,134.690002,135,86900,124.84256
2014-09-04,135.210007,135.539993,133.919998,134.220001,95900,124.121223
2014-09-05,134.710007,134.809998,132.960007,134.809998,219000,124.666847
2014-09-08,134.660004,135.220001,134.5,135.110001,616200,124.944275
2014-09-09,134.949997,135.25,134.300003,134.669998,108400,124.537354
2014-09-10,134.729996,135.800003,134.570007,135.649994,471000,125.443642
2014-09-11,135.089996,135.449997,134.660004,135.449997,261000,125.258652
2014-09-12,135.199997,135.440002,133.940002,134.399994,81800,124.287689
2014-09-15,134.309998,134.309998,133.449997,133.820007,64700,123.751358
2014-09-16,133.570007,135.729996,133.460007,135.710007,121900,125.499161
2014-09-17,135.720001,136.389999,134.990005,135.869995,146000,125.647087
2014-09-18,136.210007,136.929993,136.160004,136.899994,80000,126.599586
2014-09-19,137.309998,137.809998,136.800003,136.970001,253300,126.664337
2014-09-22,136.679993,136.770004,135.639999,136.070007,331500,125.832024
2014-09-23,135.029999,135.949997,134.970001,135.360001,105200,125.175446
2014-09-24,135.350006,137.25,135.279999,137.080002,192600,127.103157
2014-09-25,136.929993,137.139999,135.050003,135.050003,412500,125.220863
2014-09-26,135.479996,135.600006,134.380005,135.440002,221700,125.582512
2014-09-29,134.399994,135.580002,134.179993,135.169998,1051300,125.332169
2014-09-30,135.240005,135.429993,134.199997,134.350006,758900,124.571846
2014-10-01,134.440002,134.440002,132.339996,132.970001,739800,123.292305
2014-10-02,132.899994,133.059998,131.279999,132.589996,777000,122.939926
2014-10-03,133.759995,135.339996,133.639999,135.119995,138000,125.285789
2014-10-06,135.800003,136.270004,134.089996,134.580002,156000,124.785103
2014-10-07,133.589996,133.990005,132.460007,132.539993,468200,122.89357
2014-10-08,133.039993,135.740005,132.279999,135.660004,492800,125.786507
2014-10-09,135.229996,135.610001,132.789993,133.029999,253600,123.3479
2014-10-10,132.830002,134.259995,131.960007,131.960007,132100,122.355789
2014-10-13,131.820007,132.070007,128.800003,128.919998,1000900,119.537018
2014-10-14,129.649994,130.080002,126.970001,127.919998,487700,118.609818
2014-10-15,126.139999,127.580002,124.279999,127.080002,565900,117.830971
2014-10-16,125.300003,128.339996,124.739998,126.910004,362600,117.673317
2014-10-17,128.199997,129.869995,127.879997,128.75,356700,119.379417
2014-10-20,128.75,130.399994,128.410004,130.339996,6038800,120.853691
2014-10-21,131.580002,133.899994,131.520004,133.800003,420100,124.061867
2014-10-22,134.029999,134.100006,132.860001,133.199997,377900,123.505524
2014-10-23,134.399994,136.25,134.399994,135.470001,314400,125.610321
2014-10-24,135.880005,137.529999,135.800003,137.490005,172700,127.483299
2014-10-27,137.509995,137.679993,136.880005,137.660004,210400,127.640953
2014-10-28,138.199997,138.679993,137.559998,138.679993,200500,128.586685
2014-10-29,138.649994,139.070007,137.839996,138.75,206900,128.651627
2014-10-30,138.449997,141.190002,138.449997,141.039993,151000,130.774933
2014-10-31,142.850006,142.979996,141.350006,141.800003,153900,131.47963
2014-11-03,142.110001,142.179993,141.080002,141.940002,3357700,131.609421
2014-11-04,141.369995,142.259995,140.949997,141.820007,129600,131.498169
2014-11-05,142.720001,142.929993,141.279999,141.539993,115100,131.23851
2014-11-06,141.830002,142.710007,141.830002,142.449997,136100,132.082306
2014-11-07,142.460007,142.460007,140.509995,140.899994,115100,130.64511100000001
2014-11-10,141.130005,142.360001,140.710007,142.320007,81200,131.961761
2014-11-11,142.539993,143.369995,142.309998,142.809998,383700,132.416122
2014-11-12,142.270004,142.830002,142.130005,142.619995,97300,132.239929
2014-11-13,142.770004,143.410004,141.880005,142.410004,129400,132.045242
2014-11-14,142.429993,142.429993,140.710007,141.119995,76600,130.849106
2014-11-17,140.860001,142.240005,140.860001,141.850006,109600,131.525955
2014-11-18,142.119995,144.339996,142.119995,144.25,196400,133.751297
2014-11-19,144.080002,144.080002,143.199997,143.460007,135800,133.018799
2014-11-20,142.800003,143.509995,142.429993,143.070007,141400,132.657211
2014-11-21,144.720001,144.720001,143.360001,143.550003,856500,133.102264
2014-11-24,143.990005,144.550003,143.990005,144.550003,358800,134.02948
2014-11-25,144.929993,144.929993,144.070007,144.619995,360900,134.094345
2014-11-26,144.699997,145.619995,144.699997,145.520004,565700,134.928848
2014-11-28,145.580002,147.220001,145.580002,146.350006,92000,135.698441
2014-12-01,145.690002,146.949997,145.570007,145.960007,558900,135.336838
2014-12-02,146.520004,147.690002,146.5,147.470001,226900,136.736969
2014-12-03,147.5,147.880005,147.199997,147.809998,142400,137.052216
2014-12-04,147.710007,148.350006,147.110001,147.630005,116100,136.885315
2014-12-05,147.679993,148.910004,147.679993,148.800003,132700,137.970139
2014-12-08,148.899994,150.259995,148.899994,149.399994,433100,138.526489
2014-12-09,147.699997,149.059998,146.919998,148.929993,350300,138.090668
2014-12-10,148.779999,148.839996,146.460007,146.539993,141200,135.874649
2014-12-11,146.860001,148.610001,146.690002,146.990005,147300,136.291885
2014-12-12,146,146.990005,144.690002,144.779999,447000,134.242737
2014-12-15,145.610001,145.610001,142.779999,143.330002,247700,132.898285
2014-12-16,142.5,145.029999,141.630005,141.679993,446300,131.368332
2014-12-17,142.059998,144.770004,141.770004,144.520004,660200,134.001663
2014-12-18,146.679993,148.5,145.889999,148.5,748100,137.691956
2014-12-19,148.649994,149.850006,147.919998,149.320007,221400,138.452301
2014-12-22,148.399994,148.399994,146.820007,147.440002,536800,136.709122
2014-12-23,147.869995,147.869995,143.279999,144.110001,268500,133.621536
2014-12-24,143.490005,145.5,143.490005,144.690002,59900,134.557053
2014-12-26,145.350006,146.160004,145.199997,145.850006,72800,135.635864
2014-12-29,145.940002,146.470001,145.589996,146.309998,86700,136.063614
2014-12-30,145.979996,146.350006,145.529999,145.690002,130200,135.487045
2014-12-31,145.960007,146.889999,144.130005,144.130005,95400,134.036285
2015-01-02,144.850006,146.270004,144.130005,144.820007,340900,134.677933
2015-01-05,144.470001,145.139999,143.820007,144,297900,133.915359
2015-01-06,144.699997,145.570007,142.600006,143.529999,290800,133.478302
2015-01-07,144.539993,146.839996,144.259995,146.839996,457100,136.556473
2015-01-08,148.240005,149.529999,148.080002,149.350006,479700,138.890686
2015-01-09,149.809998,149.809998,147.589996,148.190002,275400,137.811935
2015-01-12,149.279999,149.660004,147.889999,148.220001,287300,137.839859
2015-01-13,149.389999,150.440002,146.470001,147.729996,200100,137.384125
2015-01-14,146.509995,147.779999,146.029999,147.5,270000,137.170242
2015-01-15,148.009995,148.149994,145.839996,145.960007,227500,135.738098
2015-01-16,145.669998,148.820007,145.600006,148.619995,129900,138.211838
2015-01-20,149.100006,149.149994,146.940002,148.720001,267600,138.30481
2015-01-21,148.979996,149.5,147.809998,148.639999,315900,138.230408
2015-01-22,149.729996,150.610001,147.350006,150.600006,331900,140.053146
2015-01-23,150.539993,150.589996,149.779999,149.940002,310800,139.439392
2015-01-26,150.020004,150.800003,149.139999,150.779999,451900,140.220566
2015-01-27,149.720001,150.809998,149.169998,149.740005,235900,139.253403
2015-01-28,150.380005,150.529999,147.320007,147.490005,281000,137.160965
2015-01-29,147.880005,148.960007,146.389999,148.880005,585400,138.453598
2015-01-30,148.490005,149.240005,146.419998,146.710007,554300,136.435593
2015-02-02,147.240005,147.350006,144.839996,147.270004,612900,136.956345
2015-02-03,147.729996,148.179993,145.850006,148.169998,132700,137.79335
2015-02-04,146.320007,147.119995,145.440002,146.199997,114200,135.961304
2015-02-05,147.380005,148.889999,147.369995,148.779999,111900,138.360596
2015-02-06,148.919998,149.320007,146.990005,147.389999,110200,137.067932
2015-02-09,146.800003,147.070007,145.399994,145.720001,156900,135.514877
2015-02-10,146.429993,148.25,146.429993,148.039993,106800,137.672424
2015-02-11,147.839996,149.130005,147.419998,148.289993,114400,137.904907
2015-02-12,149,149.220001,147.679993,148.789993,181700,138.369904
2015-02-13,148.990005,149.649994,148.279999,149.630005,88300,139.151108
2015-02-17,149.589996,150.649994,149.589996,150.539993,92800,139.99736
2015-02-18,150.229996,150.880005,149.850006,150.869995,98600,140.30426
2015-02-19,150.300003,151.279999,150.300003,151.089996,77600,140.50885
2015-02-20,150.830002,152.779999,150.669998,152.779999,134000,142.080475
2015-02-23,152.800003,153.910004,152.679993,153.259995,665500,142.526871
2015-02-24,153.490005,153.490005,152.470001,153.039993,199000,142.322266
2015-02-25,153.100006,153.630005,152.369995,153.240005,144200,142.508301
2015-02-26,153.240005,153.740005,152.559998,153.720001,73900,142.954651
2015-02-27,153.75,153.75,152.880005,153.009995,247100,142.294373
2015-03-02,153.300003,154.289993,153.300003,154.25,160000,143.447525
2015-03-03,153.929993,154.009995,152.149994,153.050003,593400,142.331573
2015-03-04,152.800003,153.910004,151.699997,153.649994,372000,142.889587
2015-03-05,153.979996,155.210007,153.979996,154.529999,102700,143.707916
2015-03-06,154.190002,154.190002,151.419998,151.669998,194300,141.048218
2015-03-09,151.789993,152.619995,151.199997,152.479996,251300,141.801468
2015-03-10,151.320007,151.929993,150.699997,150.940002,176600,140.36937
2015-03-11,151.399994,151.830002,150.820007,150.979996,315700,140.406555
2015-03-12,151.520004,152.809998,151.520004,152.779999,154700,142.080475
2015-03-13,152.529999,153.529999,151.630005,152.610001,368100,141.922379
2015-03-16,153.399994,155.919998,153.399994,155.880005,186200,144.963379
2015-03-17,155.25,155.759995,154.460007,155.509995,181100,144.619293
2015-03-18,155.289993,158.070007,154.550003,157.399994,177700,146.376923
2015-03-19,157.220001,158.639999,156.710007,158.529999,154400,147.427826
2015-03-20,159.929993,160.509995,158.600006,159.389999,247700,148.22757
2015-03-23,158.710007,159.610001,158.270004,158.889999,109600,147.762589
2015-03-24,158.850006,159.449997,157.490005,157.520004,152800,146.488541
2015-03-25,157.690002,158.300003,154.059998,154.059998,274500,143.547867
2015-03-26,153.229996,154.960007,152.339996,153.720001,196800,143.231094
2015-03-27,154.009995,155.580002,154.009995,155.080002,111900,144.498276
2015-03-30,156.339996,156.800003,156.029999,156.559998,124300,145.877304
2015-03-31,156.330002,156.330002,154.320007,154.320007,217300,143.790176
2015-04-01,154.5,154.5,151.369995,152.449997,308200,142.047729
2015-04-02,152.729996,153.449997,152.100006,152.789993,214600,142.364532
2015-04-06,151.970001,153.820007,151.779999,153.070007,134900,142.625443
2015-04-07,153.470001,154.580002,153.330002,153.399994,297000,142.932922
2015-04-08,153.410004,155.440002,153.369995,154.800003,164600,144.237411
2015-04-09,154.869995,156.130005,154.679993,155.919998,108000,145.280975
2015-04-10,156.179993,157.5,155.529999,157.279999,222900,146.548187
2015-04-13,157.179993,157.990005,156.539993,156.550003,232200,145.867981
2015-04-14,156.399994,156.929993,155.529999,156.610001,548200,145.923874
2015-04-15,157.289993,157.710007,156.809998,157.089996,193700,146.37114
2015-04-16,157.059998,157.520004,156.850006,157.070007,174800,146.352493
2015-04-17,156.429993,156.460007,154.690002,155.630005,316600,145.010773
2015-04-20,156.580002,156.990005,156.130005,156.669998,215000,145.979782
2015-04-21,157.649994,158.139999,157.460007,157.779999,260300,147.014053
2015-04-22,158.240005,158.320007,157.240005,157.860001,192500,147.088577
2015-04-23,157.690002,158.929993,157,158.600006,237100,147.778091
2015-04-24,158.240005,158.75,157.460007,158.009995,126100,147.228317
2015-04-27,158.25,158.529999,154.710007,154.880005,188300,144.311966
2015-04-28,155.509995,155.779999,152.869995,155.309998,208900,144.71257
2015-04-29,154.630005,155.399994,152.970001,154.080002,302700,143.566528
2015-04-30,153.410004,154,150.889999,151.619995,399700,141.274338
2015-05-01,152.470001,153.880005,152.470001,153.850006,363900,143.352219
2015-05-04,154.270004,155.580002,154.229996,154.710007,203800,144.153549
2015-05-05,154.550003,154.550003,152.619995,152.729996,342000,142.308609
2015-05-06,153.529999,153.529999,151.190002,152.300003,174800,141.90799
2015-05-07,152.139999,153.600006,152.089996,153.100006,216900,142.653397
2015-05-08,154.160004,156.070007,154.160004,155.649994,252000,145.029358
2015-05-11,155.889999,156.479996,155.600006,155.699997,137000,145.075974
2015-05-12,154.789993,155.389999,154.039993,154.919998,104900,144.349197
2015-05-13,154.869995,155.949997,154.550003,154.809998,146400,144.246719
2015-05-14,155.199997,156.940002,154.979996,156.919998,152100,146.212738
2015-05-15,157.039993,157.369995,156.809998,157.300003,100500,146.566849
2015-05-18,157.190002,158.529999,157.119995,158.350006,110200,147.545166
2015-05-19,158.270004,159.419998,158.220001,159.050003,117800,148.197433
2015-05-20,159.070007,160,158.720001,159.410004,619600,148.532822
2015-05-21,159.389999,159.570007,158.889999,159.460007,110500,148.579407
2015-05-22,159.559998,159.820007,158.960007,159.050003,93900,148.197433
2015-05-26,158.449997,158.699997,157.199997,157.570007,184100,146.81842
2015-05-27,157.899994,159.490005,157.600006,159.369995,91200,148.495575
2015-05-28,159.080002,159.789993,158.669998,159.479996,95800,148.598068
2015-05-29,159.270004,160.539993,158.660004,159.229996,197900,148.365128
2015-06-01,159.839996,160.220001,158.660004,159.660004,224100,148.765747
2015-06-02,158.800003,159.360001,158.029999,158.729996,103600,147.899231
2015-06-03,158.940002,159.339996,158.559998,158.929993,305900,148.085571
2015-06-04,158.350006,158.850006,157.289993,157.800003,169100,147.032715
2015-06-05,157.630005,158,156.610001,157.850006,83400,147.079315
2015-06-08,157.880005,158.25,157.130005,157.130005,63300,146.408417
2015-06-09,157.240005,157.339996,156.259995,157.050003,163000,146.333832
2015-06-10,157.330002,159.020004,156.970001,158.899994,167300,148.057648
2015-06-11,159.479996,160.210007,159.169998,159.970001,78200,149.054611
2015-06-12,159.399994,159.399994,157.880005,158.130005,144100,147.340179
2015-06-15,157.300003,158.419998,156.300003,158.190002,85500,147.396133
2015-06-16,158.279999,159.119995,158.039993,159,196000,148.150787
2015-06-17,159.119995,159.600006,158.399994,159.179993,142100,148.318542
2015-06-18,159.509995,162.169998,159.509995,161.699997,116200,150.666611
2015-06-19,161.479996,162.130005,161.479996,161.619995,136700,150.591995
2015-06-22,163.110001,163.539993,162.690002,162.860001,433600,151.747421
2015-06-23,162.979996,163.570007,162.610001,163.110001,231100,151.980377
2015-06-24,161.979996,162.619995,161.009995,161.009995,96800,150.406326
2015-06-25,161.570007,162.679993,161.210007,161.929993,137500,151.265747
2015-06-26,162.389999,162.779999,161.139999,161.729996,163600,151.078934
2015-06-29,160.949997,161.199997,157.789993,157.940002,1403200,147.538528
2015-06-30,159.399994,159.440002,158.080002,158.720001,269500,148.267151
2015-07-01,160.300003,160.300003,159.25,160.089996,185700,149.546936
2015-07-02,160.449997,160.559998,159.089996,159.490005,123100,148.98642
2015-07-06,158.350006,160.389999,158.050003,159.419998,254200,148.921051
2015-07-07,159.880005,159.990005,157.399994,159.940002,274200,149.406799
2015-07-08,158.820007,159.100006,157.130005,157.330002,519900,146.968674
2015-07-09,158.899994,160.630005,157.960007,158.089996,240000,147.678635
2015-07-10,159.669998,161.570007,159.160004,160.240005,262500,149.687057
2015-07-13,161.410004,161.979996,160.960007,161.639999,1230900,150.994843
2015-07-14,161.529999,163.559998,161.429993,163.339996,253900,152.582886
2015-07-15,164.029999,164.589996,163.110001,163.389999,244900,152.629593
2015-07-16,164.25,164.460007,163.660004,164.240005,108900,153.423615
2015-07-17,164.440002,164.440002,163.330002,164.089996,72800,153.283463
2015-07-20,164.639999,164.779999,164.050003,164.380005,73400,153.554382
2015-07-21,164.979996,164.979996,162.929993,163.770004,82300,152.984589
2015-07-22,163.410004,164.070007,162.880005,163.910004,75300,153.115341
2015-07-23,164.320007,164.619995,163.300003,163.639999,83300,152.863144
2015-07-24,162.149994,162.190002,159.270004,159.440002,204400,148.939743
2015-07-27,159.449997,160.100006,158.440002,159.220001,880500,148.734238
2015-07-28,160.490005,162.130005,159.339996,162.100006,182800,151.424606
2015-07-29,162.619995,163.009995,161.589996,162.220001,182100,151.536636
2015-07-30,161.910004,162.559998,160.789993,162.229996,201500,151.545959
2015-07-31,163.229996,164.020004,162.789993,163.169998,214500,152.424088
2015-08-03,163.289993,163.850006,161.919998,163.059998,1038400,152.321304
2015-08-04,163.710007,163.860001,162.440002,162.929993,513400,152.19989
2015-08-05,164.110001,164.649994,163.779999,164.199997,331700,153.38623
2015-08-06,164.589996,164.690002,160.389999,160.619995,437900,150.041992
2015-08-07,160.440002,160.580002,158.589996,160.220001,476600,149.668381
2015-08-10,161.690002,162.399994,161.25,161.5,891100,150.864105
2015-08-11,160.529999,161.130005,159.5,160.410004,114800,149.84584
2015-08-12,159.130005,160.660004,157.330002,160.5,238200,149.929901
2015-08-13,160.429993,161.25,159.75,160.229996,66400,149.677704
2015-08-14,159.869995,160.610001,159.309998,160.520004,65800,149.948593
2015-08-17,160.210007,162.380005,159.460007,162.360001,376900,151.667419
2015-08-18,161.910004,162.910004,161.850006,162.029999,161900,151.359146
2015-08-19,161.029999,162.279999,160.210007,161.270004,166600,150.649216
2015-08-20,160.220001,160.619995,157.339996,157.429993,165200,147.062134
2015-08-21,155.860001,157.160004,152.679993,152.770004,492600,142.709015
2015-08-24,141.720001,151.179993,108,146.820007,2596700,137.150879
2015-08-25,148.279999,154.350006,144.550003,144.720001,459500,135.189163
2015-08-26,146.160004,150.770004,145.160004,150.770004,467900,140.840698
2015-08-27,152.270004,154,150.720001,153.820007,873800,143.68985
2015-08-28,153.089996,153.899994,151.949997,153.199997,315000,143.110672
2015-08-31,152.559998,153.720001,149.899994,150.259995,606000,140.364304
2015-09-01,145.360001,148.589996,145.360001,146.179993,1372000,136.552963
2015-09-02,147.639999,149.610001,146.770004,149.330002,225100,139.49551399999999
2015-09-03,149.729996,150.970001,147.889999,148.25,273400,138.486664
2015-09-04,146.770004,147.710007,145.440002,146.529999,478200,136.879944
2015-09-08,149.070007,150.820007,148.25,150.75,130000,140.822006
2015-09-09,152.509995,152.509995,148.039993,148.410004,510600,138.63613899999999
2015-09-10,148.149994,150.919998,148.130005,149.800003,326200,139.934586
2015-09-11,149.169998,150.960007,148.880005,150.960007,475500,141.018173
2015-09-14,150.979996,151.289993,149.660004,150.460007,143600,140.551117
2015-09-15,150.940002,152.839996,150.570007,152.479996,191600,142.438065
2015-09-16,152.619995,153,151.300003,152.809998,596000,142.746368
2015-09-17,152.839996,156.350006,152.839996,154.339996,325100,144.175598
2015-09-18,152.529999,153.550003,151.809998,152.070007,199300,142.055115
2015-09-21,152.639999,153.240005,148.479996,149.470001,219300,139.626358
2015-09-22,147.449997,148.580002,146.720001,148.339996,121800,138.570724
2015-09-23,148.339996,149.509995,147.429993,148.220001,235800,138.458664
2015-09-24,146.869995,147.440002,144.789993,146.490005,349100,136.84259
2015-09-25,147.399994,147.399994,140.380005,141.720001,683700,132.806458
2015-09-28,140.619995,140.740005,134.389999,135.75,612900,127.211952
2015-09-29,136.179993,139.300003,135.259995,136.729996,509000,128.130295
2015-09-30,138.899994,140.300003,138.009995,139.919998,411600,131.119659
2015-10-01,140.100006,141.289993,138.839996,141.270004,369800,132.384796
2015-10-02,139.75,144.389999,138.820007,144.389999,308500,135.308517
2015-10-05,145.630005,146.020004,143.229996,144.589996,2040000,135.495956
2015-10-06,144.889999,144.889999,138.699997,141.020004,804300,132.150513
2015-10-07,141.949997,143.820007,140.25,143.009995,480700,134.015305
2015-10-08,142.330002,143.630005,140.589996,143.240005,259200,134.23085
2015-10-09,143.419998,144.610001,142.800003,144.070007,342400,135.008682
2015-10-12,143.660004,144.740005,143.139999,144.259995,97200,135.186722
2015-10-13,143.679993,145.5,142.130005,142.300003,135900,133.349991
2015-10-14,142.850006,144.169998,141.789993,142.080002,233700,133.143829
2015-10-15,141.220001,145.610001,141.220001,145.550003,114800,136.395569
2015-10-16,145.960007,147.089996,145.529999,146.759995,79300,137.52948
2015-10-19,146.460007,147.729996,145.509995,147.309998,182300,138.044876
2015-10-20,147.009995,147.199997,144.419998,144.990005,73900,135.870789
2015-10-21,145.789993,146.190002,141.089996,143.639999,686200,134.605698
2015-10-22,143.630005,143.820007,140.600006,142.479996,192800,133.518677
2015-10-23,143.440002,146.320007,143.429993,145.610001,539500,136.451813
2015-10-26,145.199997,147.240005,144.800003,146.220001,368700,137.023438
2015-10-27,146.800003,148.919998,146.800003,148.869995,145800,139.50679
2015-10-28,148.929993,150.449997,147.309998,150.410004,207800,140.949921
2015-10-29,150.839996,152.380005,149.410004,150.770004,141200,141.287247
2015-10-30,151.350006,151.610001,150,150.029999,247500,140.593811
2015-11-02,150.679993,153.460007,150.679993,153.339996,92100,143.695618
2015-11-03,152.929993,153.369995,151.839996,152.839996,107700,143.227051
2015-11-04,153.589996,153.600006,151.490005,152.589996,176300,142.992767
2015-11-05,152.320007,152.360001,150.440002,151.880005,176400,142.327469
2015-11-06,150.880005,151.360001,149.5,151.270004,104800,141.755844
2015-11-09,150.699997,150.880005,149.490005,150.360001,983100,140.903046
2015-11-10,150.339996,151.490005,150.009995,151.309998,162500,141.793274
2015-11-11,151.5,151.539993,149.550003,149.550003,157400,140.143982
2015-11-12,149.009995,149.440002,146.970001,146.970001,136800,137.726257
2015-11-13,146.800003,148.110001,146.669998,146.899994,102700,137.660629
2015-11-16,146.550003,148.490005,145.740005,148.399994,166500,139.06633
2015-11-17,148.589996,150.169998,148.169998,149.139999,175900,139.759781
2015-11-18,149.809998,152.190002,149.529999,152.110001,185400,142.542999
2015-11-19,151.119995,151.179993,149.339996,149.580002,138600,140.172089
2015-11-20,150.160004,151.369995,150.080002,150.639999,143400,141.165451
2015-11-23,150.330002,151.289993,149.990005,150.490005,143800,141.024902
2015-11-24,149.580002,150.940002,149.369995,150.770004,175700,141.287247
2015-11-25,151.050003,151.960007,151.050003,151.710007,205300,142.168167
2015-11-27,152.110001,152.300003,151.690002,152.110001,82500,142.542999
2015-11-30,152.179993,152.179993,149.869995,149.910004,379200,140.481323
2015-12-01,150.949997,152.410004,150.289993,152.339996,218600,142.758545
2015-12-02,152.369995,153,150.880005,151.089996,186400,141.587128
2015-12-03,151.529999,151.529999,146.960007,147.559998,231500,138.27916
2015-12-04,147.960007,151.130005,147.960007,150.979996,102400,141.48407
2015-12-07,150.899994,151.25,149.139999,149.779999,108900,140.359528
2015-12-08,148.860001,150.690002,148.649994,150.270004,115800,140.81868
2015-12-09,149.619995,150.970001,148.169998,148.660004,128600,139.309952
2015-12-10,148.949997,150.770004,148.699997,149.770004,86000,140.350159
2015-12-11,148,148.660004,147.229996,147.330002,152900,138.063614
2015-12-14,147.410004,148.240005,145.850006,148.130005,144300,138.813293
2015-12-15,149.300003,150.990005,149.300003,150.369995,100100,140.912369
2015-12-16,151.300003,152.720001,149.940002,152.460007,110700,142.870972
2015-12-17,152.839996,152.839996,150.710007,150.710007,108200,141.231064
2015-12-18,150.050003,150.229996,148.690002,148.690002,79800,139.338058
2015-12-21,149.759995,149.949997,148.860001,149.899994,54200,140.47197
2015-12-22,150.360001,151.110001,149.660004,150.860001,92500,141.371597
2015-12-23,151.75,152.839996,151.740005,152.589996,231400,142.992767
2015-12-24,151.610001,152.610001,151.610001,152.229996,55600,143.187485
2015-12-28,151.660004,151.699997,151.020004,151.460007,52400,142.463226
2015-12-29,151.050003,152.339996,151.050003,152.029999,122300,144.221039
2015-12-30,149.850006,152.199997,149.809998,151.350006,131800,143.575974
2015-12-31,150.800003,151.520004,150.009995,150.009995,280800,142.304794
2016-01-04,147.330002,147.679993,145.869995,147.139999,200500,139.58223
2016-01-05,147.529999,148.559998,147.289993,147.839996,116500,140.246246
2016-01-06,145.880005,147.649994,145.440002,146.479996,199600,138.956131
2016-01-07,143.880005,145.389999,143.009995,143.350006,177000,135.986893
2016-01-08,144.479996,144.690002,141.050003,141.279999,94900,134.023224
2016-01-11,141.960007,142.149994,137.589996,139.630005,193800,132.457977
2016-01-12,140.639999,142.479996,138.860001,141.360001,149700,134.099091
2016-01-13,141.800003,142.309998,136.75,136.869995,135700,129.839767
2016-01-14,137.300003,141.300003,136,140.429993,159300,133.216888
2016-01-15,136.570007,138.899994,136.369995,138.449997,223600,131.338562
2016-01-19,139.729996,140.380005,136.539993,137.960007,190600,130.873764
2016-01-20,135.770004,139.979996,133.889999,138.639999,379300,131.518829
2016-01-21,138.720001,139.470001,136.729996,137.830002,155200,130.750458
2016-01-22,140.070007,140.460007,139.199997,140.259995,101600,133.055603
2016-01-25,139.559998,140.770004,138.75,138.869995,639200,131.73703
2016-01-26,139.130005,140.100006,137.759995,139.889999,95100,132.70462
2016-01-27,139.820007,141.050003,137.300003,138.169998,114500,131.072968
2016-01-28,138.619995,138.619995,134.050003,134.729996,295500,127.809654
2016-01-29,134.960007,137.070007,134.589996,137.070007,106100,130.02948
2016-02-01,136.240005,138.169998,135.520004,137.490005,426800,130.427902
2016-02-02,135.990005,136.800003,135.089996,135.5,95600,128.5401
2016-02-03,135.940002,136.360001,133.009995,136.229996,266300,129.232635
2016-02-04,135.619995,137.130005,134.509995,135.679993,715900,128.710831
2016-02-05,134.929993,135.169998,132.220001,132.839996,329000,126.016754
2016-02-08,131.270004,131.570007,129.119995,130.710007,190200,123.99614
2016-02-09,129.169998,132.960007,129.100006,131.75,453500,124.982735
2016-02-10,132.899994,135,132.589996,132.839996,486400,126.016754
2016-02-11,130.399994,131.429993,129.610001,130.630005,195300,123.92025
2016-02-12,131.460007,132.5,130.229996,132.470001,102100,125.665764
2016-02-16,133.75,135.119995,133.559998,135.059998,106900,128.122696
2016-02-17,136.059998,137.210007,135.320007,137.179993,94100,130.133804
2016-02-18,137.419998,137.740005,135.759995,136.050003,129900,129.061859
2016-02-19,135.460007,136.369995,135.100006,136.110001,98000,129.118805
2016-02-22,137.059998,138.029999,137.059998,137.949997,101800,130.864258
2016-02-23,137.639999,138.360001,136.779999,136.809998,93900,129.782837
2016-02-24,135.419998,137.5,134.5,137.320007,122600,130.266617
2016-02-25,137.759995,139.059998,137.399994,139.039993,110600,131.89827
2016-02-26,139.600006,140.210007,138.800003,138.889999,128200,131.755997
2016-02-29,138.779999,138.830002,136.710007,136.710007,121700,129.687973
2016-03-01,137.460007,139.850006,136.679993,139.850006,150600,132.666672
2016-03-02,139.520004,140.169998,139.220001,140.160004,122000,132.960785
2016-03-03,139.899994,139.899994,138.509995,139.679993,96700,132.505402
2016-03-04,139.580002,140.369995,138.889999,139.399994,148200,132.239761
2016-03-07,138.279999,141.130005,138.279999,140.630005,141200,133.406601
2016-03-08,140.059998,140.059998,138.570007,138.759995,118900,131.632645
2016-03-09,139.419998,139.479996,137.869995,138.839996,117300,131.708557
2016-03-10,139.339996,140.529999,137.789993,138.789993,135700,131.661118
2016-03-11,139.820007,141.75,139.770004,141.630005,356900,134.35527
2016-03-14,141.089996,141.679993,140.850006,141.160004,49800,133.909424
2016-03-15,139.990005,140.199997,138.380005,138.710007,75600,131.585205
2016-03-16,138.449997,139.190002,137.199997,138.220001,117800,131.120392
2016-03-17,137.979996,138.059998,135.320007,136.839996,116400,129.811295
2016-03-18,137.25,138.860001,136.759995,138.550003,107100,131.433441
2016-03-21,138.270004,139.570007,138.270004,139.410004,79600,132.249283
2016-03-22,138.869995,141.229996,138.869995,140.880005,69700,133.643784
2016-03-23,140.25,140.729996,139.270004,139.440002,97800,132.62793
2016-03-24,138.919998,139.880005,138.369995,139.289993,44600,132.485275
2016-03-28,139.559998,139.639999,138.660004,138.860001,71700,132.076279
2016-03-29,138.729996,140.639999,138.179993,140.580002,113400,133.712265
2016-03-30,141.130005,141.779999,140.259995,140.460007,76100,133.598129
2016-03-31,140.479996,141.470001,140.399994,140.550003,292900,133.683701
2016-04-01,139.830002,142.600006,139.710007,142.419998,77900,135.462357
2016-04-04,142.580002,144.360001,142.580002,143.770004,74000,136.746429
2016-04-05,142.110001,142.880005,141.729996,142.050003,119500,135.110443
2016-04-06,142.190002,146.080002,142.179993,146.020004,104800,138.88649
2016-04-07,145.289993,146.029999,143.740005,144.520004,162400,137.459793
2016-04-08,145.259995,145.369995,143.179993,143.779999,101000,136.75592
2016-04-11,144.309998,144.369995,142.470001,142.720001,100500,135.747726
2016-04-12,142.830002,144.190002,142.699997,143.869995,84800,136.841522
2016-04-13,144.690002,145.550003,144.169998,145.360001,67500,138.258743
2016-04-14,145.410004,146.009995,145.089996,145.509995,50300,138.401398
2016-04-15,145.729996,145.729996,144.550003,145.360001,330200,138.258743
2016-04-18,144.960007,146.779999,144.960007,146.660004,490000,139.495209
2016-04-19,146.889999,147.809998,146.309998,146.910004,205800,139.732986
2016-04-20,147.270004,148.470001,147.050003,147.809998,91800,140.589005
2016-04-21,147.649994,149,147.649994,148.699997,114000,141.435577
2016-04-22,148.820007,149.399994,148.199997,149.139999,65300,141.854065
2016-04-25,148.419998,148.880005,148.039993,148.460007,57500,141.207291
2016-04-26,148.580002,148.610001,147.330002,147.800003,58400,140.579544
2016-04-27,147.899994,148.25,147.039993,147.589996,77700,140.379807
2016-04-28,146.649994,148.559998,146.320007,146.919998,107500,139.742493
2016-04-29,145.899994,145.899994,143.820007,144.699997,102900,137.630997
2016-05-02,145.149994,145.550003,144.289993,145.490005,67000,138.38237
2016-05-03,144.899994,145.820007,144.440002,144.910004,66700,137.830704
2016-05-04,144.059998,144.080002,143.009995,143.330002,78800,136.327896
2016-05-05,143.300003,144.100006,143.130005,143.809998,51300,136.784424
2016-05-06,143.399994,143.770004,141.960007,143.089996,49300,136.099625
2016-05-09,143.130005,145.25,143.130005,144.850006,50600,137.773605
2016-05-10,145.360001,146.080002,144.919998,146.050003,135700,138.915009
2016-05-11,146.220001,146.25,144.259995,144.259995,98700,137.212479
2016-05-12,144.710007,144.710007,142.449997,143.210007,72300,136.213776
2016-05-13,142.899994,143.990005,142.899994,143.139999,80400,136.147202
2016-05-16,142.869995,145.449997,142.869995,145.320007,143500,138.220673
2016-05-17,144.990005,145.279999,143.139999,143.679993,97600,136.660782
2016-05-18,143.5,144.899994,143.309998,144.179993,102900,137.136368
2016-05-19,143.410004,143.729996,142.020004,142.990005,75900,136.004517
2016-05-20,143.589996,144.830002,143.440002,144.360001,67300,137.307602
2016-05-23,144.149994,144.509995,143.839996,143.839996,62300,136.813004
2016-05-24,144.309998,146.270004,144.309998,146.119995,76400,138.981613
2016-05-25,146.320007,147.309998,146.320007,147.050003,174700,139.866165
2016-05-26,146.720001,147.220001,146.479996,146.919998,49400,139.742493
2016-05-27,147.169998,147.899994,147.100006,147.729996,73500,140.512939
2016-05-31,148.149994,148.330002,147.470001,148.029999,64600,140.798279
2016-06-01,147.710007,148.869995,147.419998,148.589996,73400,141.330933
2016-06-02,148.559998,150.550003,148.559998,150.550003,242800,143.195206
2016-06-03,150.259995,150.490005,148.729996,149.910004,70100,142.586441
2016-06-06,149.729996,151.050003,149.630005,150.820007,43100,143.451996
2016-06-07,150.070007,150.339996,149.419998,149.850006,50600,142.529358
2016-06-08,149.649994,150.630005,149.550003,150.520004,62900,143.166656
2016-06-09,150.110001,151,149.679993,150.059998,65000,142.729126
2016-06-10,149,149.229996,148.009995,148.570007,53800,141.31192
2016-06-13,147.979996,149.279999,147.419998,147.419998,69200,140.218094
2016-06-14,146.970001,147.669998,146.399994,147.669998,64400,140.455887
2016-06-15,147.929993,148.350006,146.639999,146.770004,86700,139.599838
2016-06-16,146.229996,147.350006,145.539993,147.190002,108800,139.999329
2016-06-17,146.710007,147.009995,145.160004,145.520004,79200,138.410919
2016-06-20,146.75,147.520004,146.419998,146.529999,44400,139.371567
2016-06-21,146.580002,146.770004,145.190002,145.529999,239200,138.88295
2016-06-22,145.630005,147.550003,145.570007,145.970001,72700,139.302872
2016-06-23,147.380005,147.880005,146.789993,147.839996,58400,141.087448
2016-06-24,143,145.839996,143,143.639999,141400,137.079254
2016-06-27,142.630005,143.089996,140.869995,141.429993,163300,134.97023
2016-06-28,142.759995,144.380005,141.940002,144.330002,114100,137.737747
2016-06-29,145.490005,147.369995,145.369995,146.970001,130600,140.257141
2016-06-30,147.009995,148.350006,146.520004,148.309998,112400,141.53598
2016-07-01,148.330002,149.600006,148.149994,149.369995,73200,142.547546
2016-07-05,148.839996,149.619995,148.649994,149.130005,294500,142.318542
2016-07-06,148.759995,151.050003,148.759995,150.899994,109800,144.007706
2016-07-07,150.869995,151.300003,150.100006,150.690002,92600,143.807281
2016-07-08,151.029999,152.710007,150.660004,152.429993,106900,145.467789
2016-07-11,152.770004,153.119995,152.149994,152.149994,74500,145.200607
2016-07-12,152.509995,153.149994,152.429993,152.809998,209700,145.830414
2016-07-13,152.889999,153.580002,152.580002,152.669998,140300,145.696838
2016-07-14,153.240005,153.610001,152.630005,153.169998,57600,146.174011
2016-07-15,153.699997,154.210007,153.059998,153.240005,88200,146.240829
2016-07-18,153.300003,153.570007,152.770004,153.289993,52800,146.288528
2016-07-19,153.320007,153.639999,152.470001,152.860001,60700,145.878143
2016-07-20,153.25,154.660004,153.25,154.309998,84300,147.261902
2016-07-21,154.520004,155.270004,154.220001,154.910004,86100,147.834564
2016-07-22,155.080002,155.410004,154.440002,155.240005,73000,148.149445
2016-07-25,155.130005,155.309998,154.119995,155.039993,50200,147.958572
2016-07-26,154.509995,155.050003,154.300003,154.839996,61200,147.767746
2016-07-27,154.809998,155.809998,154.410004,155.509995,77000,148.40712
2016-07-28,155.520004,155.919998,154.729996,155.520004,53200,148.416672
2016-07-29,155.220001,156.25,155.199997,156.080002,86500,148.95108
2016-08-01,156.729996,157.770004,156.509995,157.130005,737000,149.953125
2016-08-02,157.169998,157.169998,155.380005,156.389999,259100,149.246918
2016-08-03,156.080002,156.380005,155.690002,156.080002,70400,148.95108
2016-08-04,156.399994,156.399994,155.639999,155.729996,62100,148.617065
2016-08-05,155.850006,156.149994,155.330002,156.089996,72700,148.960632
2016-08-08,156.100006,156.110001,154.309998,154.729996,69300,147.66272
2016-08-09,154.880005,155.619995,154.839996,155.119995,120600,148.034927
2016-08-10,154.929993,154.929993,153.929993,154.270004,68900,147.223755
2016-08-11,154.610001,155.380005,154.440002,155.210007,57600,148.120834
2016-08-12,155.009995,155.009995,154.350006,154.919998,60600,147.84407
2016-08-15,154.960007,155.539993,154.960007,155.25,39100,148.159012
2016-08-16,154.899994,154.990005,153.729996,153.729996,75600,146.708405
2016-08-17,153.960007,154.059998,153.039993,153.940002,84200,146.908844
2016-08-18,153.880005,154.339996,153.669998,154.080002,61200,147.042419
2016-08-19,153.669998,154.039993,153.25,153.979996,60600,146.947006
2016-08-22,154.240005,154.960007,154.020004,154.529999,82000,147.471893
2016-08-23,154.910004,155.509995,154.570007,154.699997,160100,147.634125
2016-08-24,154.639999,155,151.789993,152.110001,72600,145.162415
2016-08-25,151.940002,152.350006,150.259995,151,74900,144.103119
2016-08-26,150.240005,152.25,150.240005,151.539993,108600,144.618454
2016-08-29,151.649994,152.320007,151.350006,151.949997,86800,145.00975
2016-08-30,151.740005,152.089996,151.130005,151.380005,110300,144.46579
2016-08-31,151.119995,151.399994,150.389999,150.889999,78200,143.998138
2016-09-01,150.509995,151.119995,149.830002,150.559998,675400,143.683212
2016-09-02,150.589996,151.050003,150.380005,150.800003,163600,143.912262
2016-09-06,150.850006,151.75,150.850006,151.419998,232000,144.503922
2016-09-07,151.309998,152.020004,151.050003,151.470001,116700,144.551636
2016-09-08,151.039993,151.860001,150.949997,151.759995,123000,144.828369
2016-09-09,150.789993,150.899994,148.619995,148.619995,290600,141.831833
2016-09-12,147.720001,151.350006,147.720001,151.089996,153800,144.189026
2016-09-13,150.050003,150.050003,148.25,148.919998,140200,142.118118
2016-09-14,148.210007,150.139999,148.210007,149.089996,229800,142.280319
2016-09-15,149.070007,151.179993,148.600006,150.759995,169000,143.874069
2016-09-16,150.490005,151.130005,150.330002,150.910004,124600,144.017258
2016-09-19,151.149994,151.610001,150.289993,150.419998,113800,143.549591
2016-09-20,151.160004,151.429993,150.919998,150.960007,99000,144.064972
2016-09-21,151.289993,152.630005,150.429993,152.410004,113300,145.44873
2016-09-22,153.070007,153.759995,152.899994,153.539993,90000,146.527084
2016-09-23,153.270004,153.649994,152.979996,153.009995,69500,146.021317
2016-09-26,151.600006,151.899994,150.380005,150.630005,88600,144.205231
2016-09-27,150.619995,151.820007,150.369995,151.820007,85700,145.344437
2016-09-28,151.910004,152.039993,150.75,151.589996,56900,145.124252
2016-09-29,151.309998,151.559998,148.399994,148.789993,76700,142.44371
2016-09-30,149.149994,150.710007,148.979996,150.210007,141800,143.803131
2016-10-03,149.740005,150.190002,149.029999,150.080002,180100,143.67868000000001
2016-10-04,150.100006,150.550003,149.130005,149.820007,100200,143.429794
2016-10-05,150.190002,150.889999,150.130005,150.440002,110300,144.023346
2016-10-06,149.899994,150.020004,149.020004,149.600006,50400,143.219162
2016-10-07,149.960007,150.270004,148.839996,149.720001,57900,143.33403
2016-10-10,150.070007,150.979996,150.070007,150.520004,51300,144.09993
2016-10-11,149.729996,149.729996,146,146.660004,63000,140.404572
2016-10-12,146.699997,147.169998,145.619995,145.770004,64100,139.552521
2016-10-13,144.979996,146.339996,144.360001,145.860001,99400,139.638718
2016-10-14,146.479996,146.479996,144.649994,144.669998,416700,138.499405
2016-10-17,144.589996,144.809998,143.899994,144.369995,112800,138.212219
2016-10-18,145.309998,146.25,145.309998,146,126400,139.772705
2016-10-19,146.070007,146.309998,145.410004,145.410004,63800,139.207901
2016-10-20,145.509995,146.470001,145.389999,146.089996,212400,139.858887
2016-10-21,145.490005,145.490005,144.710007,145.020004,69800,138.834549
2016-10-24,145.259995,145.679993,144.770004,144.770004,54700,138.595169
2016-10-25,144.339996,145,144.210007,144.309998,66700,138.154785
2016-10-26,144.100006,144.199997,142.669998,143.179993,66000,137.072983
2016-10-27,144.139999,144.559998,143.410004,143.660004,99200,137.532532
2016-10-28,142.179993,142.410004,140.830002,141.179993,136000,135.158295
2016-10-31,140.839996,141.169998,140.350006,140.410004,109000,134.421143
2016-11-01,140.240005,140.919998,138.550003,139.809998,139300,133.846741
2016-11-02,139.5,140.419998,138.910004,138.910004,391400,132.985123
2016-11-03,139.210007,139.699997,137.300003,137.389999,121500,131.529968
2016-11-04,137.619995,139.490005,137.490005,138.580002,144600,132.669189
2016-11-07,140.470001,142.380005,140.470001,142.009995,1099900,135.952911
2016-11-08,141.690002,143.630005,141.240005,142.679993,159600,136.59433
2016-11-09,149.850006,149.850006,144.440002,147.460007,1358900,141.170441
2016-11-10,151.360001,151.360001,148.020004,149.199997,324500,142.836212
2016-11-11,148.740005,148.740005,146.529999,147.220001,127800,140.940674
2016-11-14,147.970001,147.970001,146.679993,147.050003,173400,140.777908
2016-11-15,147.5,147.559998,146.009995,147.460007,127100,141.170441
2016-11-16,147.639999,147.660004,146.580002,146.690002,65900,140.433289
2016-11-17,146.979996,147.509995,146.509995,147.5,79300,141.20874
2016-11-18,147.880005,147.880005,145.910004,146.039993,61700,139.810989
2016-11-21,146.300003,146.710007,146.169998,146.490005,95800,140.241791
2016-11-22,146.210007,146.729996,143.389999,144.380005,183500,138.221786
2016-11-23,142.679993,145.009995,142.190002,145,111700,138.815369
2016-11-25,145.399994,145.639999,145.009995,145.570007,37100,139.361069
2016-11-28,145.25,145.25,144.130005,144.229996,87700,138.078217
2016-11-29,144.779999,145.669998,144.779999,145.210007,122700,139.016434
2016-11-30,145.380005,145.380005,143.679993,143.679993,131500,137.551666
2016-12-01,143.779999,144.720001,142.169998,142.470001,127400,136.393295
2016-12-02,142.669998,143.520004,142.369995,142.910004,85900,136.814499
2016-12-05,143.470001,143.570007,142.289993,142.770004,76600,136.680496
2016-12-06,143.190002,143.389999,142.490005,143.330002,99300,137.21658300000001
2016-12-07,142.220001,142.240005,140.210007,141.940002,302300,135.885849
2016-12-08,141.820007,142.440002,140.789993,142.339996,161600,136.268829
2016-12-09,142.779999,144.210007,142.779999,143.839996,114500,137.704849
2016-12-12,143.460007,144.639999,143.460007,144.539993,73000,138.374985
2016-12-13,145.119995,145.830002,145.110001,145.559998,100500,139.35144
2016-12-14,145.550003,146.339996,144.729996,145.130005,120800,138.939804
2016-12-15,145.330002,146.179993,145.199997,146.080002,670200,139.849258
2016-12-16,146.160004,146.660004,145.779999,146.220001,59600,139.983337
2016-12-19,146.350006,146.869995,145.320007,145.419998,65200,139.217438
2016-12-20,146.009995,146.009995,145.110001,145.429993,402400,139.227005
2016-12-21,145.059998,145.139999,143.839996,144.009995,70400,138.35466
2016-12-22,144.039993,144.270004,143.380005,144.270004,69600,138.604462
2016-12-23,144.309998,145.509995,144.309998,145.5,83600,139.786133
2016-12-27,145.759995,146.449997,145.470001,145.529999,63600,139.814987
2016-12-28,145.75,145.75,144.419998,144.470001,58100,138.796631
2016-12-29,144.600006,145.029999,144.369995,144.559998,52300,138.883041
2016-12-30,144.490005,144.720001,143.660004,144.130005,71300,138.469986
2017-01-03,144.050003,145.75,144.050003,145.699997,801500,139.978317
2017-01-04,146.169998,147.449997,145.990005,147.029999,98900,141.256104
2017-01-05,147,147.869995,146.899994,147.809998,66300,142.005447
2017-01-06,147.929993,148.729996,147.589996,148.300003,119100,142.476212
2017-01-09,148.559998,149.389999,148.149994,149.149994,126300,143.292831
2017-01-10,149.229996,150.350006,149.050003,149.679993,56700,143.802032
2017-01-11,149.899994,150.410004,146.820007,148.009995,237200,142.197586
2017-01-12,147.139999,148.330002,147,148.25,59000,142.428177
2017-01-13,148.630005,149.070007,148.300003,148.470001,33900,142.639526
2017-01-17,148.009995,148.009995,146.550003,147.619995,81300,141.822891
2017-01-18,148.020004,148.130005,147.160004,147.570007,64200,141.774887
2017-01-19,147.5,147.5,146.330002,146.690002,681100,140.929459
2017-01-20,146.710007,147.259995,146.050003,146.199997,94400,140.458725
2017-01-23,145.919998,146.309998,144.940002,145.479996,96900,139.766937
2017-01-24,145.350006,145.350006,143.889999,144.669998,111300,138.988739
2017-01-25,144.619995,146,144.619995,145.779999,77000,140.055176
2017-01-26,145.720001,145.979996,144.960007,144.970001,57800,139.276993
2017-01-27,145.050003,146.190002,145.050003,146.149994,78800,140.410629
2017-01-30,145.929993,145.960007,144.809998,145.300003,44600,139.594009
2017-01-31,144.75,147.550003,144.75,147.539993,71700,141.746048
2017-02-01,147.679993,148.729996,147.509995,148.639999,122400,142.802841
2017-02-02,148.309998,148.979996,147.800003,148.860001,93600,143.014221
2017-02-03,149.360001,149.789993,148.850006,149.75,37900,143.869263
2017-02-06,149.270004,149.669998,149.050003,149.660004,43700,143.782806
2017-02-07,149.929993,150.270004,149.300003,149.669998,117400,143.792404
2017-02-08,148.729996,149.75,148.729996,149.509995,37300,143.638672
2017-02-09,149.389999,150.669998,149.160004,150.25,37100,144.349609
2017-02-10,150.410004,150.929993,150.179993,150.529999,113300,144.618622
2017-02-13,150.610001,151.550003,150.610001,151.539993,42700,145.588974
2017-02-14,151.220001,152.669998,151.220001,152.649994,34800,146.65538
2017-02-15,152.5,154.5,152.320007,154.339996,167500,148.279022
2017-02-16,154.210007,154.399994,152.990005,154.009995,67900,147.96196
2017-02-17,153.440002,154.240005,153.440002,154.139999,38300,148.086853
2017-02-21,154.380005,155.419998,154.380005,154.979996,67600,148.89389
2017-02-22,154.740005,155.130005,154.570007,154.619995,64400,148.548035
2017-02-23,154.770004,155.869995,154.479996,155.649994,60300,149.537567
2017-02-24,155.380005,156.520004,155.380005,156.520004,55500,150.373413
2017-02-27,156.229996,157.490005,156.229996,157.399994,144700,151.218811
2017-02-28,156.899994,157.619995,156.710007,156.970001,92700,150.80574
2017-03-01,158.880005,159.149994,157.740005,158.740005,746600,152.50621
2017-03-02,158.429993,159.059998,158.240005,158.320007,131600,152.102707
2017-03-03,158.169998,158.919998,157.949997,158.839996,84700,152.60228
2017-03-06,158.240005,158.630005,157.570007,158.130005,339700,151.920197
2017-03-07,156.690002,157.779999,156.539993,157,80100,150.834549
2017-03-08,157.089996,158.210007,157.059998,157.649994,85500,151.45903
2017-03-09,157.589996,158.649994,157.589996,158.5,61000,152.275665
2017-03-10,159.139999,159.289993,158.449997,159.110001,68000,152.861679
2017-03-13,159.279999,159.279999,158.350006,158.919998,61200,152.679169
2017-03-14,158.389999,158.919998,158.179993,158.320007,53000,152.102707
2017-03-15,158.279999,160.580002,158.279999,160.179993,78400,153.889664
2017-03-16,159.949997,159.949997,158.25,158.75,65200,152.515869
2017-03-17,158.389999,158.509995,157.830002,157.949997,123400,151.747238
2017-03-20,157.919998,158.110001,157.360001,157.610001,46700,151.420609
2017-03-21,157.839996,158.330002,155.880005,156.119995,108400,149.98912
2017-03-22,156.160004,156.550003,155.389999,156.380005,110500,150.238907
2017-03-23,156.009995,156.820007,155.559998,155.720001,54100,149.604828
2017-03-24,155.389999,156.179993,154.899994,155.419998,67600,149.742584
2017-03-27,153.979996,156.199997,153.979996,155.919998,178400,150.224335
2017-03-28,155.529999,156.229996,155.220001,156.020004,54500,150.320679
2017-03-29,156.050003,156.479996,155.830002,156.080002,44200,150.378494
2017-03-30,156.039993,156.380005,155.740005,156.059998,55800,150.359192
2017-03-31,155.639999,156.210007,155.610001,155.699997,71600,150.01239
2017-04-03,155.779999,156.479996,155.220001,155.830002,109700,150.137634
2017-04-04,155.839996,155.839996,155.229996,155.649994,51500,149.964172
2017-04-05,155.949997,156.649994,154.960007,155.089996,50000,149.424652
2017-04-06,155.009995,155.570007,154.720001,155.279999,36500,149.607712
2017-04-07,155.149994,156.039993,155.089996,155.619995,56000,149.935272
2017-04-10,155.649994,156.160004,155.330002,155.380005,57300,149.704071
2017-04-11,155.130005,155.470001,154.429993,155.240005,55200,149.569168
2017-04-12,155.179993,155.419998,154.710007,155.360001,27900,149.684769
2017-04-13,155.009995,155.669998,155,155.100006,49900,149.43428
2017-04-17,154.820007,155.539993,154.639999,155.479996,22400,149.80043
2017-04-18,154.889999,154.889999,153.570007,154.179993,37900,148.547867
2017-04-19,154.679993,155.100006,154.529999,154.600006,39300,148.952545
2017-04-20,155.029999,155.779999,154.25,155.470001,297900,149.790756
2017-04-21,155.229996,155.369995,154.360001,154.720001,38600,149.068161
2017-04-24,156.100006,156.570007,155.940002,156.199997,55700,150.49411
2017-04-25,156.779999,157.399994,156.630005,156.990005,73200,151.255249
2017-04-26,157.389999,158.339996,157.389999,157.809998,52800,152.045288
2017-04-27,157.880005,158.889999,157.759995,158.210007,36700,152.430695
2017-04-28,158.270004,158.660004,158.110001,158.600006,37900,152.806458
2017-05-01,158.479996,159.289993,158.479996,158.970001,698700,153.162949
2017-05-02,159.020004,159.470001,158.369995,159.309998,116900,153.490509
2017-05-03,159.050003,159.050003,158.25,158.660004,71200,152.864227
2017-05-04,158.850006,159.619995,158.839996,159.619995,152400,153.789169
2017-05-05,159.899994,159.899994,158.830002,159.470001,55500,153.644638
2017-05-08,159.399994,159.399994,158.100006,158.270004,83900,152.488495
2017-05-09,158.419998,158.770004,158.199997,158.470001,30100,152.681198
2017-05-10,158.169998,158.169998,157.389999,158.100006,27600,152.324722
2017-05-11,157.830002,158.070007,157.279999,158.070007,28900,152.295822
2017-05-12,158.020004,158.190002,157.679993,157.830002,23400,152.06456
2017-05-15,157.990005,158.960007,157.869995,158.860001,83500,153.056976
2017-05-16,158.970001,158.970001,157.910004,158.300003,30500,152.517395
2017-05-17,156.949997,157.289993,156.229996,156.229996,36600,150.522995
2017-05-18,156.009995,157.75,156.009995,156.899994,33800,151.168533
2017-05-19,156.990005,157.600006,156.979996,157.089996,37300,151.351608
2017-05-22,157.009995,157.669998,156.899994,157.5,24500,151.746597
2017-05-23,157.520004,158.169998,157.520004,157.960007,23800,152.189804
2017-05-24,158.179993,158.399994,157.600006,158.25,24700,152.469193
2017-05-25,158.460007,159.270004,158.399994,159.050003,22700,153.23999
2017-05-26,159.059998,159.309998,158.589996,158.699997,25600,152.902802
2017-05-30,158.479996,158.789993,158.070007,158.360001,22900,152.575211
2017-05-31,158.809998,159.240005,158.490005,158.940002,39300,153.134018
2017-06-01,159.070007,160.869995,159.070007,160.860001,144100,154.983887
2017-06-02,161.139999,162.080002,161.139999,161.860001,44700,155.947327
2017-06-05,161.839996,161.839996,161.029999,161.419998,14800,155.523422
2017-06-06,160.860001,161.600006,160.860001,161.080002,25500,155.195831
2017-06-07,161.410004,161.729996,161.169998,161.520004,26700,155.619766
2017-06-08,161.570007,161.979996,160.889999,161.419998,67200,155.523422
2017-06-09,161.509995,162.800003,161.320007,162.389999,59300,156.457993
2017-06-12,162.240005,162.619995,161.539993,161.979996,43600,156.062988
2017-06-13,162.350006,162.679993,161.869995,162.440002,82500,156.506149
2017-06-14,162.600006,163.580002,162.600006,163.220001,26100,157.25769
2017-06-15,162.5,163.130005,162.270004,162.990005,158800,157.036072
2017-06-16,163.169998,163.399994,162.509995,163.270004,43900,157.305878
2017-06-19,163.649994,165.179993,163.440002,165.009995,34700,158.982269
2017-06-20,165.149994,166.619995,165.009995,165.589996,185200,159.541077
2017-06-21,166.009995,167.889999,166,167.839996,47100,161.708908
2017-06-22,168.009995,170.559998,167.679993,169.539993,515900,163.346802
2017-06-23,169.600006,169.600006,168.669998,169.330002,68100,163.14447
2017-06-26,169.539993,169.539993,168.860001,169.050003,33800,162.874695
2017-06-27,168.520004,168.710007,166.880005,166.880005,55400,161.217911
2017-06-28,167.039993,168.119995,167.039993,167.869995,58700,162.174286
2017-06-29,167.919998,167.919998,165.449997,166.389999,34000,160.744537
2017-06-30,166.990005,166.990005,166.199997,166.259995,149300,160.618896
2017-07-03,166.830002,167.259995,166.520004,166.529999,427100,160.879776
2017-07-05,166.779999,167.75,166.169998,167.449997,277300,161.768555
2017-07-06,166.940002,167.059998,165.119995,165.330002,204500,159.720474
2017-07-07,165.699997,166.369995,165.529999,166.270004,161700,160.628601
2017-07-10,166.339996,166.339996,165.369995,165.710007,48100,160.087585
2017-07-11,165.820007,165.929993,164.770004,165.600006,88600,159.981308
2017-07-12,166.419998,167.220001,166.419998,166.75,51200,161.092316
2017-07-13,166.979996,167.350006,165.699997,166.869995,66500,161.208221
2017-07-14,167.210007,168.229996,166.880005,167.929993,37300,162.232254
2017-07-17,168.100006,168.240005,167.25,167.330002,61400,161.652618
2017-07-18,167.199997,167.479996,166.289993,167.399994,676100,161.720276
2017-07-19,168.220001,168.809998,168.220001,168.809998,58600,163.082397
2017-07-20,169.009995,170.279999,168.669998,169.979996,35800,164.212708
2017-07-21,169.529999,170.119995,169.529999,169.800003,34900,164.038803
2017-07-24,169.720001,170.009995,169.160004,169.869995,46500,164.106461
2017-07-25,170.110001,170.210007,168.410004,168.559998,58200,162.840881
2017-07-26,168.309998,168.440002,167.860001,168.029999,54000,162.328873
2017-07-27,168.559998,168.559998,166.130005,166.740005,42200,161.082672
2017-07-28,166.740005,167.729996,166.149994,167.520004,33500,161.836197
2017-07-31,167.759995,167.899994,167.240005,167.240005,46400,161.565689
2017-08-01,167.490005,167.619995,166.610001,166.740005,77500,161.082672
2017-08-02,166.970001,166.970001,166.009995,166.580002,55900,160.928055
2017-08-03,166.649994,167.360001,166.270004,167.070007,51000,161.401459
2017-08-04,167.320007,167.369995,166.529999,166.820007,36100,161.159927
2017-08-07,166.779999,167.039993,166.580002,167.039993,34700,161.372467
2017-08-08,166.830002,167.080002,165.960007,166.149994,39600,160.51265
2017-08-09,165.559998,166.470001,165.529999,166.440002,96800,160.792816
2017-08-10,165.850006,165.960007,164.089996,164.130005,75000,158.561203
2017-08-11,164.270004,165.440002,164.270004,164.710007,33000,159.121521
2017-08-14,165.699997,166.020004,165.5,165.759995,33500,160.13591
2017-08-15,166.160004,166.360001,165.850006,165.869995,31200,160.242157
2017-08-16,166.080002,166.649994,166.009995,166.320007,22500,160.676895
2017-08-17,165.869995,166.190002,164.190002,164.190002,112800,158.619156
2017-08-18,163.729996,164.429993,163.199997,163.539993,34700,157.991226
2017-08-21,163.389999,164.440002,163.389999,164.259995,22500,158.686768
2017-08-22,164.350006,166.309998,164.350006,166.179993,31100,160.541656
2017-08-23,165.660004,165.660004,164.929993,165.009995,25400,159.411331
2017-08-24,165.179993,165.759995,165,165.550003,25300,159.933029
2017-08-25,165.919998,166.410004,165.470001,165.470001,34500,159.855759
2017-08-28,166.229996,166.809998,166.229996,166.630005,30300,160.976364
2017-08-29,165.770004,167.059998,165.770004,166.929993,17300,161.26619
2017-08-30,166.850006,168.259995,166.729996,167.910004,16700,162.212952
2017-08-31,168.380005,170.979996,168.380005,170.830002,29800,165.03389
2017-09-01,171.059998,171.300003,170.240005,170.770004,25000,164.975922
2017-09-05,170.199997,170.789993,169.270004,169.929993,25700,164.164429
2017-09-06,170.529999,170.779999,169.910004,170.720001,15500,164.927628
2017-09-07,170.630005,172.679993,170.600006,172.339996,112300,166.492615
2017-09-08,172.179993,173.350006,171.520004,173.089996,54900,167.217194
2017-09-11,173.910004,174.399994,173.449997,174.399994,88800,168.482742
2017-09-12,174.520004,174.720001,174.139999,174.720001,64800,168.791885
2017-09-13,174.660004,174.850006,173.610001,174.110001,380100,168.202606
2017-09-14,173.820007,174.710007,173.589996,174.429993,43900,168.511749
2017-09-15,174.509995,174.619995,173.679993,173.770004,128600,167.87413
2017-09-18,174.229996,174.529999,173.639999,173.970001,34700,168.067322
2017-09-19,174.080002,174.080002,172.380005,172.470001,38700,166.618225
2017-09-20,172.589996,172.960007,171.690002,172.839996,63000,166.975693
2017-09-21,172.740005,172.779999,171.850006,171.889999,48300,166.057907
2017-09-22,171.960007,172.149994,171.119995,171.970001,54100,166.135208
2017-09-25,171.940002,172.479996,171.240005,171.449997,40500,165.632813
2017-09-26,171.210007,171.449997,170.610001,170.699997,52600,165.371277
2017-09-27,171.050003,171.050003,170,170.720001,51800,165.390671
2017-09-28,170.710007,171.389999,170.580002,170.910004,44400,165.574707
2017-09-29,171.100006,171.979996,170.600006,171.860001,279900,166.495056
2017-10-02,172.190002,173.580002,172.190002,173.539993,165100,168.122604
2017-10-03,173.570007,174.039993,172.880005,173.649994,38300,168.229172
2017-10-04,173.809998,174.429993,173.809998,174.429993,51800,168.984818
2017-10-05,173.889999,174.529999,173.779999,174.520004,71500,169.072021
2017-10-06,173.389999,175,173.389999,174.5,62400,169.052658
2017-10-09,174.550003,174.550003,173.100006,173.289993,24000,167.880402
2017-10-10,173.289993,173.669998,172.850006,173.669998,139200,168.24855
2017-10-11,173.570007,174.130005,173.520004,174.020004,83400,168.587646
2017-10-12,173.839996,173.960007,173.539993,173.740005,28200,168.316345
2017-10-13,173.660004,173.660004,172.940002,173.300003,83800,167.890091
2017-10-16,173.240005,173.949997,172.410004,172.679993,34500,167.289444
2017-10-17,173.190002,175.320007,172.990005,174.830002,40000,169.37233
2017-10-18,175.639999,176.080002,174.929993,175.119995,489400,169.653259
2017-10-19,174.889999,176.039993,174.889999,176.039993,31900,170.54454
2017-10-20,176.360001,176.389999,175.580002,176.179993,31900,170.680191
2017-10-23,176.449997,177,175.720001,175.820007,171700,170.331451
2017-10-24,175.720001,175.720001,173.679993,174.509995,146500,169.062317
2017-10-25,174.5,174.589996,173.419998,174.070007,83600,168.636047
2017-10-26,172.679993,173.259995,171.550003,172.610001,47200,167.221634
2017-10-27,172.279999,172.940002,172.279999,172.779999,50500,167.386322
2017-10-30,172.279999,172.449997,170.570007,170.860001,70500,165.52626
2017-10-31,171.070007,171.320007,170.449997,170.690002,35900,165.361572
2017-11-01,170.960007,171.720001,170.190002,170.970001,651500,165.632813
2017-11-02,170.990005,171.399994,170.149994,170.490005,263500,165.167831
2017-11-03,170.470001,172.210007,170.470001,172.130005,106200,166.756622
2017-11-06,171.940002,172.210007,171.550003,171.570007,101300,166.214111
2017-11-07,171.809998,172.199997,171.279999,171.839996,35700,166.475677
2017-11-08,171.830002,172.440002,171.320007,172.259995,25800,166.882584
2017-11-09,171.729996,172.279999,171.059998,172.190002,111300,166.814743
2017-11-10,171.369995,171.470001,170,171.080002,106500,165.73941
2017-11-13,170.690002,171.550003,170.399994,171.300003,36100,165.952515
2017-11-14,170.410004,170.789993,169.839996,170.5,41400,165.17749
2017-11-15,170,170.610001,169.449997,170.029999,38900,164.722183
2017-11-16,170.5,172.009995,170.490005,171.889999,34400,166.524139
2017-11-17,171.100006,171.539993,171.080002,171.240005,23300,165.894409
2017-11-20,171.179993,171.179993,170.360001,170.639999,33000,165.313126
2017-11-21,171.220001,172.410004,171.220001,172.139999,29700,166.766281
2017-11-22,172.070007,172.449997,171.710007,171.910004,72300,166.543488
2017-11-24,172.320007,172.429993,171.860001,172.380005,30800,166.998856
2017-11-27,172.330002,172.679993,172.139999,172.460007,30200,167.076324
2017-11-28,172.800003,173.740005,172.369995,173.5,44700,168.083862
2017-11-29,173.690002,175,173.690002,174.470001,37200,169.02359
2017-11-30,175,176.330002,174.75,175.880005,53900,170.389542
2017-12-01,175.5,176.220001,173.100006,175.570007,364700,170.089249
2017-12-04,176.589996,176.589996,173.240005,173.240005,52500,167.83197
2017-12-05,173.160004,174.160004,172.820007,172.820007,120100,167.42511
2017-12-06,173.020004,173.320007,171.889999,172.619995,33900,167.231308
2017-12-07,172.679993,173.119995,172.179993,172.850006,28600,167.454147
2017-12-08,173.300003,174.820007,173.300003,174.820007,30000,169.362656
2017-12-11,174.899994,175.619995,174.770004,175.389999,434100,169.914856
2017-12-12,175.770004,176.270004,175.600006,176.020004,197200,170.525177
2017-12-13,175.929993,177.199997,175.929993,176.669998,151100,171.154907
2017-12-14,176.979996,177.080002,174.679993,174.699997,98500,169.246399
2017-12-15,175.649994,176.660004,175.639999,176.610001,180400,171.096786
2017-12-18,176.960007,177.520004,176.580002,176.729996,69700,171.213028
2017-12-19,176.399994,176.5,175.880005,175.940002,47100,170.971069
2017-12-20,175.979996,176.470001,175.429993,175.5,30000,170.543472
2017-12-21,175.789993,176.119995,175.050003,175.139999,66600,170.193665
2017-12-22,174.830002,175.149994,174.320007,174.630005,40400,169.698074
2017-12-26,174.690002,174.940002,174.630005,174.710007,50200,169.775787
2017-12-27,175,175.5,174.990005,175.190002,42900,170.242249
2017-12-28,175.479996,175.479996,174.940002,175.419998,16600,170.465744
2017-12-29,175.800003,175.929993,174.130005,174.229996,38100,169.309341
2018-01-02,174,176.289993,174,176.199997,154800,171.223709
2018-01-03,176.350006,178.039993,175.740005,177.929993,52400,172.904861
2018-01-04,178.740005,178.740005,177.740005,178.119995,55400,173.089493
2018-01-05,178.660004,179.649994,178.410004,179.559998,38800,174.488815
2018-01-08,179.199997,179.339996,177.850006,178.690002,64800,173.643402
2018-01-09,179.139999,181.190002,179.139999,180.759995,62900,175.654938
2018-01-10,180.360001,180.509995,179.179993,180.460007,24800,175.363403
2018-01-11,180.779999,181.300003,180.350006,181.279999,71500,176.160233
2018-01-12,181.679993,182.75,181.679993,182.520004,36900,177.365234
2018-01-16,183.050003,184.75,182.899994,183.139999,195800,177.967697
2018-01-17,184.100006,185.229996,183.610001,184.910004,65500,179.687729
2018-01-18,184.820007,185.149994,184.070007,185.100006,34800,179.872345
2018-01-19,185.449997,185.779999,184.889999,185.729996,47400,180.484573
2018-01-22,186.009995,187.509995,185.710007,187.509995,88400,182.214294
2018-01-23,187.229996,187.75,186.699997,186.75,56600,181.475754
2018-01-24,187.600006,187.940002,186.630005,187.289993,58700,182.000519
2018-01-25,188.289993,189.009995,187.660004,189,62900,183.662216
2018-01-26,189.720001,192.800003,189.720001,192.779999,62100,187.33548
2018-01-29,192.320007,193.309998,192.320007,192.350006,94100,186.917587
2018-01-30,189.259995,189.779999,188.25,188.350006,73700,183.030563
2018-01-31,189.330002,189.360001,185.169998,185.660004,460800,180.41655
2018-02-01,185,186.869995,184.860001,186.050003,302300,180.795547
2018-02-02,184.369995,186.039993,183.570007,183.619995,148400,178.434143
2018-02-05,182.699997,183.440002,174.850006,175.380005,207000,170.42688
2018-02-06,171.919998,178.039993,170.880005,177.330002,181100,172.321823
2018-02-07,176.789993,179.380005,176.75,177.130005,95900,172.127457
2018-02-08,177.25,177.410004,170.690002,170.770004,121900,165.947083
2018-02-09,172.399994,174.710007,168.110001,173.149994,151500,168.259857
2018-02-12,174.339996,176.289993,172.929993,175.039993,194300,170.096481
2018-02-13,174.289993,175.449997,173.289993,174.979996,76900,170.038162
2018-02-14,173.940002,177.619995,173.759995,177.339996,76000,172.331528
2018-02-15,178.470001,179.240005,176.820007,179.240005,63700,174.177856
2018-02-16,178.880005,181.610001,178.880005,180.529999,82800,175.431427
2018-02-20,179.289993,180.240005,178.169998,178.509995,68300,173.468475
2018-02-21,178.649994,180.860001,177.759995,177.809998,64300,172.788239
2018-02-22,178.410004,179.320007,177.009995,177.399994,40000,172.389816
2018-02-23,178.300003,180.139999,177.660004,180.070007,36500,174.984406
2018-02-26,180.449997,182.470001,180.449997,182.210007,46600,177.063995
2018-02-27,182.360001,182.789993,180.610001,180.610001,36600,175.509171
2018-02-28,180.779999,180.970001,177.529999,177.529999,46400,172.516129
2018-03-01,177.399994,178,173.429993,174.740005,282800,169.804962
2018-03-02,173.710007,177.149994,173.710007,176.75,127300,171.758179
2018-03-05,175.820007,178.910004,175.820007,178.470001,43700,173.429611
2018-03-06,178.929993,179.820007,177.389999,178.339996,141000,173.303284
2018-03-07,176.830002,179.410004,176.830002,179.169998,33300,174.109848
2018-03-08,179.5,180.649994,179.380005,180.520004,47700,175.421707
2018-03-09,181.770004,183.279999,181.130005,183.279999,118000,178.10376
2018-03-12,183.419998,183.509995,182.309998,182.520004,41200,177.365234
2018-03-13,183.050003,183.860001,182.270004,182.720001,52300,177.559586
2018-03-14,183.25,183.529999,181.320007,181.770004,29800,176.636414
2018-03-15,182.369995,182.889999,181.240005,181.479996,51800,176.354614
2018-03-16,181.679993,182.229996,181.520004,181.520004,21300,176.393463
2018-03-19,181.009995,181.270004,177.160004,178.559998,135900,173.517059
2018-03-20,178.960007,179.460007,177.970001,178.919998,29000,173.866882
2018-03-21,179.119995,179.789993,178.169998,178.399994,283200,173.361588
2018-03-22,175.990005,176.279999,172.580002,172.669998,292800,168.263092
2018-03-23,172.850006,172.850006,169.059998,169.119995,137500,164.803711
2018-03-26,171.130005,172.940002,169.199997,172.729996,54900,168.321579
2018-03-27,173.130005,173.570007,169.559998,170.559998,71100,166.20697
2018-03-28,171.050003,172.830002,170.800003,171.419998,118400,167.044983
2018-03-29,172.130005,173.830002,171.210007,172.610001,55100,168.204651
2018-04-02,172.080002,172.5,166.889999,168.199997,180800,163.907196
2018-04-03,169.080002,171.169998,168.449997,170.979996,183300,166.616226
2018-04-04,168.809998,173.850006,168.809998,173.380005,125000,168.954987
2018-04-05,173.729996,174.089996,172.649994,173.360001,27900,168.935516
2018-04-06,171.759995,172.419998,167.589996,168.940002,117600,164.628296
2018-04-09,170.059998,173.029999,169.639999,170.699997,70800,166.343384
2018-04-10,172.449997,174.110001,172.059998,173.699997,103200,169.26683
2018-04-11,172.419998,173.330002,172,172.149994,47800,167.756393
2018-04-12,173.029999,174.279999,173.029999,173.509995,58800,169.081635
2018-04-13,174.339996,174.399994,172.539993,173.369995,51600,168.945236
2018-04-16,174.570007,175.149994,174.399994,174.720001,32400,170.260803
2018-04-17,175.759995,176.389999,175.169998,176.119995,34400,171.625061
2018-04-18,176.630005,176.869995,175.5,176.350006,75400,171.849197
2018-04-19,175.820007,176.149994,174.199997,174.800003,40400,170.33876
2018-04-20,175.130005,175.330002,173.460007,173.919998,55700,169.481201
2018-04-23,174.5,175.050003,173.880005,174.550003,27200,170.095123
2018-04-24,174.929993,175.100006,172.199997,173.020004,51800,168.604187
2018-04-25,172.339996,174.020004,171.869995,173.679993,50600,169.247314
2018-04-26,174.350006,176.580002,174.339996,175.880005,34900,171.39119
2018-04-27,175.710007,176.899994,175.5,176.880005,32500,172.365662
2018-04-30,177,177.009995,173.949997,173.949997,56300,169.510422
2018-05-01,174.050003,174.240005,172.699997,174.089996,62800,169.646851
2018-05-02,173.149994,173.149994,171.369995,171.649994,35000,167.269165
2018-05-03,171.050003,171.100006,168.419998,170.589996,53900,166.236176
2018-05-04,170.279999,172.649994,169.679993,171.979996,46600,167.590729
2018-05-07,172.399994,173.210007,171.580002,171.899994,22200,167.512772
2018-05-08,171.639999,171.639999,169.649994,170.570007,281100,166.216705
2018-05-09,170.75,172.369995,170.169998,171.830002,65300,167.44455
2018-05-10,172.360001,174.710007,172.360001,174.039993,32000,169.59816
2018-05-11,174.25,176.899994,173.940002,176.630005,40500,172.122055
2018-05-14,176.830002,178.5,176.830002,177.789993,89200,173.252426
2018-05-15,176.639999,176.639999,175.050003,175.520004,74000,171.040375
2018-05-16,175.490005,177.100006,175.490005,176.550003,34500,172.044083
2018-05-17,176.380005,176.910004,175.809998,176.649994,38700,172.141541
2018-05-18,176.729996,177.339996,176.199997,177.270004,30700,172.745697
2018-05-21,177.789993,178.130005,177,177.119995,18200,172.599518
2018-05-22,177.639999,177.839996,176.649994,176.850006,44800,172.336426
2018-05-23,176.050003,177.460007,176.050003,177.360001,39000,172.833405
2018-05-24,177.240005,177.710007,176.089996,176.830002,69200,172.31694
2018-05-25,176.630005,177.610001,176.399994,176.839996,34900,172.326706
2018-05-29,175.740005,175.740005,173.880005,175.080002,83600,170.611633
2018-05-30,174.820007,177.960007,174.820007,177.5,144500,172.969849
2018-05-31,177.270004,177.289993,175.740005,175.759995,27400,171.274246
2018-06-01,176.600006,177.800003,176.600006,177.770004,57500,173.232941
2018-06-04,178.160004,178.619995,177.300003,178.429993,32000,173.876099
2018-06-05,178.300003,178.990005,177.470001,178.289993,21700,173.73967
2018-06-06,178.710007,180.330002,178.220001,180.300003,232200,175.698364
2018-06-07,180.740005,180.740005,179.429993,180.210007,34400,175.610672
2018-06-08,180.160004,181.470001,180.160004,181.419998,27300,176.78981
2018-06-11,181.429993,182.5,181.110001,181.729996,27800,177.091858
2018-06-12,181.710007,181.970001,181.009995,181.699997,36700,177.062653
2018-06-13,182.25,182.869995,181.559998,181.580002,45800,176.945724
2018-06-14,181.960007,182.649994,181.580002,182.539993,16900,177.88121
2018-06-15,182.270004,183.160004,181.940002,183.100006,32600,178.42691
2018-06-18,182.100006,182.100006,180.809998,181.460007,176900,176.828766
2018-06-19,180.059998,181.929993,179.75,181.860001,82400,177.218582
2018-06-20,182.070007,182.710007,181.929993,182.389999,26600,177.735031
2018-06-21,182.119995,182.289993,180.889999,181.309998,21400,176.682602
2018-06-22,181.919998,182.660004,181.580002,182.050003,25500,177.403702
2018-06-25,181.320007,181.729996,178.860001,180.149994,51100,175.5522
2018-06-26,179.770004,179.830002,178.910004,179.190002,47500,175.125107
2018-06-27,179.289993,179.929993,177.360001,177.360001,59400,173.336639
2018-06-28,176.820007,178.179993,175.630005,177.800003,40100,173.766647
2018-06-29,178.259995,179.710007,178.100006,178.179993,43100,174.138031
2018-07-02,177.389999,178.850006,176.740005,178.759995,292200,174.704865
2018-07-03,179.289993,180.020004,178.869995,179.309998,49100,175.242401
2018-07-05,180.029999,181.070007,179.539993,180.990005,35500,176.884308
2018-07-06,181.580002,183.899994,181.580002,183.759995,67900,179.591461
2018-07-09,184.429993,185.240005,184.429993,184.929993,36700,180.734894
2018-07-10,185.270004,185.839996,185.080002,185.770004,39700,181.555862
2018-07-11,184.690002,184.970001,184.309998,184.350006,34300,180.168091
2018-07-12,185.25,186.619995,185.25,186.520004,20300,182.288849
2018-07-13,185.899994,187.100006,185.899994,186.860001,29300,182.621124
2018-07-16,186.820007,186.820007,185.399994,185.509995,35400,181.301758
2018-07-17,185.429993,186.889999,185.429993,186.649994,23300,182.415878
2018-07-18,186.800003,186.800003,186.279999,186.75,57800,182.513626
2018-07-19,186.399994,186.779999,185.199997,185.869995,78300,181.65358
2018-07-20,185.199997,185.860001,185.199997,185.580002,15500,181.370178
2018-07-23,185.339996,186.220001,185.339996,186.009995,26100,181.790405
2018-07-24,186.869995,187.899994,186.630005,187.399994,91200,183.148865
2018-07-25,186.970001,189.740005,186.479996,189.449997,27600,185.15239
2018-07-26,189.360001,189.970001,188.940002,189.320007,35800,185.02533
2018-07-27,188.940002,188.940002,187.169998,187.710007,88100,183.451843
2018-07-30,187.610001,188.020004,187.160004,187.669998,30800,183.41275
2018-07-31,188.039993,189.919998,188.039993,189.690002,66000,185.386948
2018-08-01,189.229996,190.410004,189.229996,189.899994,45500,185.592148
2018-08-02,189.100006,191,189.100006,190.630005,66800,186.305618
2018-08-03,189.100006,191.639999,189.100006,191.630005,43600,187.282928
2018-08-06,191.380005,192.259995,190.789993,191.889999,153200,187.537003
2018-08-07,192.059998,192.660004,191.929993,192.110001,24700,187.752029
2018-08-08,192.179993,192.600006,191.839996,192.270004,20500,187.908401
2018-08-09,192.240005,192.940002,191.990005,192.119995,31400,187.761826
2018-08-10,191.429993,192.350006,190.619995,191.330002,58500,186.989716
2018-08-13,191.380005,192.270004,190.990005,191.380005,53800,187.038605
2018-08-14,191.490005,192.630005,191.470001,192.309998,74100,187.947495
2018-08-15,191.509995,192.089996,190.880005,191.869995,44400,187.517487
2018-08-16,192.369995,193.949997,192.320007,193.619995,50800,189.227798
2018-08-17,193.550003,194.889999,193.160004,194.410004,50000,189.999863
2018-08-20,194.539993,195.199997,194.539993,194.899994,100100,190.478745
2018-08-21,195.190002,195.490005,194.669998,195.080002,65300,190.654678
2018-08-22,194.660004,195.759995,194.660004,195.520004,82200,191.084671
2018-08-23,195.490005,195.770004,194.899994,195.259995,28200,190.830582
2018-08-24,195.550003,196.509995,195.470001,196.020004,45400,191.573349
2018-08-27,197.190002,197.190002,196.279999,197.020004,23500,192.550644
2018-08-28,197.320007,197.320007,196.929993,197.229996,15800,192.75589
2018-08-29,197.309998,198.690002,197.059998,198.539993,77300,194.036179
2018-08-30,197.979996,198.949997,197.979996,198.240005,51300,193.742996
2018-08-31,197.960007,198.429993,197.649994,198.240005,33700,193.742996
2018-09-04,197.990005,198,196.389999,196.869995,59800,192.404053
2018-09-05,196.830002,197.350006,196.199997,197.320007,51400,192.843857
2018-09-06,197.190002,197.669998,196.289993,197.270004,435200,192.794998
2018-09-07,196.699997,197.669998,196.600006,197.449997,23400,192.970886
2018-09-10,197.919998,198.199997,196.850006,196.850006,13200,192.384521
2018-09-11,196.690002,197.259995,196,196.919998,177000,192.452911
2018-09-12,196.929993,198.130005,196.869995,197.820007,20300,193.332504
2018-09-13,198.440002,200.119995,198.440002,200.119995,54500,195.580338
2018-09-14,200.080002,200.080002,199.199997,199.550003,26000,195.02327
2018-09-17,199.610001,199.610001,198.330002,198.580002,30000,194.075272
2018-09-18,198.589996,200.220001,198.5,199.740005,27600,195.208969
2018-09-19,199.830002,200.020004,199.240005,199.470001,21800,194.945084
2018-09-20,199.880005,201.449997,199.880005,201.289993,33200,196.723785
2018-09-21,201.850006,202.550003,201.300003,201.550003,52900,196.977905
2018-09-24,201.539993,202.449997,201.309998,202.089996,37200,197.50563
2018-09-25,202.5,203.059998,201.449997,201.619995,147100,197.04631
2018-09-26,201.520004,202.940002,200.820007,201.410004,37800,197.337296
2018-09-27,201.580002,202.919998,201.539993,202.210007,30300,198.12114
2018-09-28,201.899994,203.130005,201.899994,202.899994,33200,198.79718
2018-10-01,203.559998,204.830002,203.320007,204.020004,456200,199.894516
2018-10-02,204.5,204.5,202.850006,203.429993,112100,199.316467
2018-10-03,204.039993,204.229996,202.779999,203.009995,125100,198.904953
2018-10-04,202.990005,202.990005,199.759995,200.899994,86800,196.837616
2018-10-05,200.720001,201.960007,199.139999,200.539993,108200,196.484879
2018-10-08,200.320007,200.800003,198.470001,200.119995,65200,196.073395
2018-10-09,199.690002,201.169998,199.190002,200.470001,40700,196.416306
2018-10-10,200.410004,200.449997,195.449997,195.529999,512300,191.576202
2018-10-11,194.889999,195.550003,189.429993,190.710007,153600,186.853668
2018-10-12,192.850006,194.100006,191.389999,193.720001,75200,189.802826
2018-10-15,193.229996,193.929993,192.059998,192.100006,51200,188.215576
2018-10-16,193.679993,197.889999,193.679993,197.740005,70900,193.741501
2018-10-17,197.460007,198.820007,196.429993,198.669998,58600,194.65271
2018-10-18,198.210007,198.520004,194.710007,196.25,73600,192.281631
2018-10-19,196.460007,197.160004,193.949997,194.139999,96700,190.214294
2018-10-22,194.110001,194.199997,191.850006,192.679993,59900,188.783829
2018-10-23,189.940002,192.559998,188.699997,191.619995,105200,187.745285
2018-10-24,191.369995,192.470001,184.800003,185.220001,108700,181.474701
2018-10-25,185.080002,188.880005,183.270004,187.570007,163400,183.777161
2018-10-26,185.839996,187.309998,183.270004,185.600006,154900,181.847
2018-10-29,187.580002,188.850006,183.070007,185.619995,158600,181.866577
2018-10-30,185.570007,188,185.300003,187.869995,178400,184.071091
2018-10-31,189.160004,190.100006,188.089996,188.369995,63200,184.560974
2018-11-01,188.380005,191.179993,188.380005,191,246300,187.137802
2018-11-02,192.419998,193.059998,188.720001,190.080002,66300,186.236404
2018-11-05,190.529999,192.300003,190.509995,191.580002,315900,187.706085
2018-11-06,191.270004,192.690002,191.270004,192.630005,134500,188.734863
2018-11-07,194.570007,198.119995,194.570007,198.009995,264700,194.006058
2018-11-08,197.779999,198.669998,197.270004,198.020004,447600,194.015854
2018-11-09,197.380005,197.830002,196.029999,196.919998,49300,192.93811
2018-11-12,196.619995,196.619995,193.610001,194.029999,56200,190.106537
2018-11-13,194.630005,195.449997,192.059998,192.649994,163800,188.754425
2018-11-14,193.919998,193.919998,189.910004,190.630005,85600,186.775299
2018-11-15,189.460007,192.889999,187.860001,192.770004,375700,188.872009
2018-11-16,192.389999,195.389999,192.389999,194.729996,66800,190.792374
2018-11-19,194.759995,194.880005,191.100006,191.820007,129800,187.941223
2018-11-20,190.389999,192.009995,189.610001,190.009995,158000,186.167801
2018-11-21,190.570007,190.75,189.220001,189.429993,118300,185.599548
2018-11-23,188.369995,190.729996,188.199997,189.550003,18800,185.717117
2018-11-26,191.350006,191.889999,190.350006,191.479996,627500,187.608093
2018-11-27,190.440002,193.149994,189.970001,193.149994,122300,189.244324
2018-11-28,193.860001,197.979996,193.860001,197.979996,175300,193.976654
2018-11-29,197.610001,199.770004,197.440002,198.679993,352200,194.662506
2018-11-30,198.759995,200.710007,198.699997,200.699997,88800,196.641647
2018-12-03,203.100006,203.100006,200.679993,201.929993,200700,197.846771
2018-12-04,202,202.910004,196.830002,196.949997,196100,192.967484
2018-12-06,194.259995,196.240005,190.410004,196.240005,248600,192.271851
2018-12-07,195.559998,196.050003,190.330002,191.160004,201100,187.294556
2018-12-10,191.380005,192.570007,187.580002,192.220001,152100,188.33313
2018-12-11,193.720001,195.020004,191.220001,192.520004,77600,188.627075
2018-12-12,194.880005,196.630005,194.179993,194.279999,106800,190.351471
2018-12-13,194.990005,195.720001,192.820007,193.940002,73400,190.018356
2018-12-14,192.009995,192.009995,187.169998,187.830002,207900,184.031906
2018-12-17,185.339996,186.630005,182.119995,183.199997,354500,180.047653
2018-12-18,185.259995,185.259995,180,181.759995,163000,178.632446
2018-12-19,182.429993,183.800003,177.710007,179.380005,144800,176.293411
2018-12-20,178.399994,178.990005,175.190002,176.830002,198800,173.787262
2018-12-21,176.559998,179.25,173.690002,173.929993,483000,170.93718
2018-12-24,172.779999,173.479996,169.960007,170.020004,113800,167.094452
2018-12-26,170.330002,177.779999,170.009995,177.779999,202300,174.720932
2018-12-27,175.380005,179.570007,172.949997,179.570007,216800,176.480133
2018-12-28,180,180.619995,177.5,178.270004,208000,176.606949
2018-12-31,179.619995,181,179.25,180.809998,134800,179.123245
2019-01-02,178.110001,179.460007,176.330002,178.330002,288800,176.666382
2019-01-03,178.389999,178.389999,174.149994,174.360001,115500,172.733414
2019-01-04,176.779999,180.899994,176.779999,179.830002,99100,178.15239
2019-01-07,180.080002,182.830002,180.080002,181.240005,80300,179.549225
2019-01-08,182.779999,183.289993,180.619995,183.080002,247200,181.37207
2019-01-09,183.679993,184.699997,183.240005,183.759995,269000,182.045715
2019-01-10,182.970001,184.389999,182.080002,184.279999,77600,182.560852
2019-01-11,183.529999,184.850006,183.199997,184.850006,46800,183.125565
2019-01-14,183.660004,183.660004,182.720001,182.720001,36900,181.015411
2019-01-15,183.089996,186.139999,183.089996,186.139999,687100,184.403503
2019-01-16,186.25,187.179993,185.699997,185.720001,101800,183.987442
2019-01-17,185.309998,188.240005,185.309998,187.539993,94100,185.790451
2019-01-18,188.979996,189.630005,187.460007,189.630005,82100,187.860947
2019-01-22,188.479996,188.559998,186.960007,188.270004,80300,186.513641
2019-01-23,188.529999,189.270004,186.369995,188.25,160900,186.49382
2019-01-24,188.020004,188.020004,186.020004,186.869995,115100,185.126678
2019-01-25,187.509995,187.830002,186.779999,187.300003,66200,185.552689
2019-01-28,185.960007,186.080002,184.339996,185.100006,31900,183.373215
2019-01-29,185.009995,186.029999,184.690002,185.899994,35300,184.165756
2019-01-30,186.710007,188.990005,186.270004,188.580002,220800,186.820755
2019-01-31,188.669998,191.399994,188.449997,191.020004,75500,189.237991
2019-02-01,191.029999,191.570007,189.940002,191.220001,86600,189.436111
2019-02-04,191.110001,191.110001,189.130005,190.660004,63400,188.881348
2019-02-05,191.190002,192.139999,190.5,190.5,47500,188.722824
2019-02-06,190.149994,191.300003,189.740005,191.089996,303600,189.307327
2019-02-07,190.020004,190.089996,187.970001,189.020004,48800,187.256638
2019-02-08,188.179993,189.240005,187.960007,189.210007,29100,187.44487
2019-02-11,189.800003,189.850006,188.770004,189.169998,46700,187.405243
2019-02-12,189.809998,191.830002,189.199997,191.660004,646700,189.872009
2019-02-13,192,192.789993,191.339996,192.270004,711200,190.476318
2019-02-14,191.669998,193.369995,191.539993,192.669998,44700,190.872604
2019-02-15,193.779999,195.580002,193.779999,195.520004,35300,193.695999
2019-02-19,195.190002,195.869995,194.960007,195,52000,193.180862
2019-02-20,194.839996,194.839996,193.830002,194.679993,37400,192.863831
2019-02-21,194.169998,194.169998,192.149994,192.919998,51900,191.120255
2019-02-22,193.369995,194.889999,193.369995,194.809998,44100,192.992615
2019-02-25,195.789993,196.320007,195.25,195.309998,52000,193.487961
2019-02-26,195,195.320007,194.470001,194.630005,41200,192.814316
2019-02-27,194.080002,194.630005,193.25,193.949997,62200,192.140656
2019-02-28,193.600006,194.539993,193.199997,193.25,40900,191.447174
2019-03-01,194.589996,196.479996,194.520004,196.300003,50900,194.468719
2019-03-04,196.889999,197,192.149994,193.5,109000,191.694855
2019-03-05,193.389999,194.160004,192.619995,193.360001,83600,191.556152
2019-03-06,193.449997,193.449997,189.880005,190.320007,136500,188.544525
2019-03-07,190,190.050003,188.309998,188.830002,153700,187.06842
2019-03-08,187.509995,188.539993,186.899994,188.429993,54600,186.67215
2019-03-11,188.929993,190.910004,188.729996,190.779999,52900,189.000229
2019-03-12,191.210007,192.559998,191.139999,192.160004,56600,190.36734
2019-03-13,192.720001,194.729996,192.600006,194.279999,70200,192.467575
2019-03-14,194.309998,194.410004,193.410004,193.919998,29900,192.110931
2019-03-15,194.429993,195.270004,193.899994,194.970001,37200,193.151138
2019-03-18,195.110001,195.190002,194.020004,194.710007,470600,192.893585
2019-03-19,195.270004,196.759995,195.089996,196.210007,64000,194.379593
2019-03-20,195.289993,195.690002,193.589996,194.279999,45900,192.981979
2019-03-21,192.979996,195.5,192.759995,195.270004,86000,193.965363
2019-03-22,194.229996,194.789993,191.380005,191.399994,129400,190.121216
2019-03-25,191.350006,191.720001,189.809998,191.220001,182100,189.942413
2019-03-26,192.539993,193.669998,191.789993,192.600006,44700,191.313202
2019-03-27,192.490005,192.720001,189.639999,190.830002,55100,189.555023
2019-03-28,191.25,191.839996,190.490005,191.470001,46600,190.19075
2019-03-29,192.410004,193.919998,192.410004,193.779999,83200,192.485321
2019-04-01,194.839996,195.830002,193.570007,193.990005,118800,192.693924
2019-04-02,194.029999,194.179993,193.350006,193.75,269800,192.455505
2019-04-03,194.539993,194.740005,192.979996,193.610001,175300,192.316452
2019-04-04,193.710007,193.979996,192.130005,193.169998,28800,191.879395
2019-04-05,193.490005,194.830002,193.490005,194.509995,48300,193.210434
2019-04-08,194.350006,194.490005,192.970001,194.389999,37200,193.091232
2019-04-09,193.75,194.149994,193.100006,193.460007,126600,192.167465
2019-04-10,193.830002,194.429993,193.449997,193.899994,38500,192.604507
2019-04-11,194.279999,194.279999,190.720001,191.559998,40000,190.280136
2019-04-12,192.240005,192.240005,189.520004,189.75,45600,188.482239
2019-04-15,190.080002,190.529999,189.5,190.369995,39400,189.098099
2019-04-16,191.949997,192.160004,186.179993,186.520004,524900,185.273819
2019-04-17,187.020004,187.020004,179.869995,180.699997,372500,179.492706
2019-04-18,181.240005,182.059998,178.350006,181,289400,179.790695
2019-04-22,180.559998,182,180.210007,181.190002,72900,179.979416
2019-04-23,181.229996,185.110001,181.160004,184.289993,129600,183.058716
2019-04-24,184.300003,184.669998,183.089996,183.979996,94400,182.750778
2019-04-25,183.759995,186.279999,183.279999,185.990005,80600,184.74736
2019-04-26,186.050003,187.860001,186.050003,187.860001,64500,186.604858
2019-04-29,187.710007,188.070007,186.699997,187.460007,35200,186.207535
2019-04-30,188,188.339996,186.470001,188.220001,165500,186.962463
2019-05-01,188.339996,188.839996,186.679993,187.479996,226600,186.227386
2019-05-02,187.330002,188.410004,186.210007,188.410004,93400,187.151184
2019-05-03,188.809998,189.960007,188.639999,189.869995,105400,188.60144
2019-05-06,186.830002,191.320007,186.610001,191.070007,54300,189.793427
2019-05-07,189.449997,190.270004,186.070007,187.220001,62600,185.969147
2019-05-08,187.009995,188.220001,186.119995,187.330002,418200,186.078415
2019-05-09,185.960007,187.639999,185.080002,187.210007,92000,185.959213
2019-05-10,186.589996,187.479996,183.259995,187.029999,72100,185.780411
2019-05-13,183.789993,184.570007,182.660004,183.559998,182600,182.333588
2019-05-14,184.380005,185.630005,184.199997,184.479996,54400,183.247437
2019-05-15,183.399994,185.460007,182.639999,184.940002,45900,183.704376
2019-05-16,185.429993,188.059998,185.429993,186.520004,55800,185.273819
2019-05-17,185.050003,187.419998,185.050003,186.199997,46700,184.955948
2019-05-20,185.220001,186.330002,184.690002,185.880005,32500,184.638092
2019-05-21,186.729996,188.320007,186.729996,187.429993,30700,186.177734
2019-05-22,187,188.850006,187,188.520004,35400,187.260452
2019-05-23,187.5,187.710007,186.399994,187.669998,50400,186.416138
2019-05-24,188.440002,189.050003,187.679993,188.199997,81000,186.942596
2019-05-28,188.350006,189.369995,185.419998,185.460007,57100,184.220901
2019-05-29,184.440002,184.520004,182.470001,183.809998,125400,182.581924
2019-05-30,184.169998,184.960007,183.839996,184.759995,587800,183.525574
2019-05-31,183.350006,184.110001,182.289993,183.279999,63200,182.05545
2019-06-03,183.690002,185.270004,183.429993,183.779999,64500,182.552109
2019-06-04,185.5,187.25,185.080002,187.110001,43300,185.859879
2019-06-05,188.169998,188.720001,187.5,188.380005,35500,187.121399
2019-06-06,188.649994,189.809998,188.259995,188.720001,37200,187.459122
2019-06-07,189.600006,191.470001,189.600006,191.029999,23600,189.753693
2019-06-10,191.479996,192.380005,191.169998,191.770004,28300,190.488739
2019-06-11,192.570007,192.960007,190.979996,191.210007,29000,189.93248
2019-06-12,191.179993,192.320007,191.179993,192.289993,71900,191.005264
2019-06-13,192.690002,192.690002,191.449997,192.289993,44100,191.005264
2019-06-14,192.300003,192.660004,191.520004,191.669998,25700,190.389404
2019-06-17,191.130005,192.279999,191.089996,192.259995,36700,191.509018
2019-06-18,193,194.600006,192.779999,193.970001,191200,193.212341
2019-06-19,193.960007,196.080002,193.869995,195.740005,65200,194.975433
2019-06-20,197.380005,197.929993,195.399994,196.470001,63700,195.702576
2019-06-21,196.470001,197.610001,195.100006,197.360001,47300,196.589096
2019-06-24,196.979996,196.979996,195.830002,196.350006,89000,195.583054
2019-06-25,196.550003,197.029999,195.119995,195.279999,65000,194.517227
2019-06-26,195.350006,195.350006,192.580002,192.940002,40800,192.186371
2019-06-27,193.470001,194.690002,193.470001,194.270004,22300,193.511169
2019-06-28,194.440002,195.470001,193.610001,195.270004,43000,194.507263
2019-07-01,196.880005,196.880005,195.490005,196.410004,63500,195.642807
2019-07-02,196.190002,196.850006,195.630005,196.850006,74500,196.0811
2019-07-03,197.380005,198.800003,197.380005,198.789993,39600,198.013504
2019-07-05,197.809998,198.360001,197.039993,197.350006,39400,196.579147
2019-07-08,196.630005,196.630005,194.910004,195.809998,24300,195.045151
2019-07-09,194.979996,196.300003,194.979996,196.199997,17800,195.433624
2019-07-10,196.509995,197.240005,195.979996,196.850006,20800,196.0811
2019-07-11,198.059998,198.059998,195.619995,196.800003,31800,196.031296
2019-07-12,196.100006,196.100006,193.449997,194.630005,42900,193.869766
2019-07-15,194.679993,195.470001,194.550003,195.240005,37800,194.477386
2019-07-16,195.139999,195.139999,194.119995,194.169998,392700,193.41156
2019-07-17,194.529999,195.210007,194.369995,194.399994,27900,193.640656
2019-07-18,194.240005,195.830002,193.830002,195.589996,27200,194.826004
2019-07-19,195.899994,195.899994,193.399994,193.570007,30300,192.813904
2019-07-22,193.880005,193.929993,193.110001,193.199997,61300,192.445343
2019-07-23,193.470001,194.539993,192.610001,194.339996,28400,193.580887
2019-07-24,193.979996,194.539993,192.839996,194.509995,26800,193.750229
2019-07-25,194.320007,194.699997,193.169998,193.399994,28000,192.644562
2019-07-26,194.020004,194.389999,193.589996,194.360001,15900,193.600815
2019-07-29,194.259995,195.179993,194.25,195.029999,20200,194.268204
2019-07-30,193.679993,194.5,192.979996,194.5,16100,193.740265
2019-07-31,194.339996,195.059998,192.070007,192.630005,78700,191.877579
2019-08-01,192.630005,194.75,191.880005,192.850006,61900,192.096725
2019-08-02,192.309998,192.789993,190.899994,192.179993,236400,191.429321
2019-08-05,190,190.369995,186.139999,187.589996,114500,186.857254
2019-08-06,188.380005,190.240005,187.850006,190.240005,42400,189.496918
2019-08-07,188.800003,190.869995,186.919998,190.429993,36200,189.686157
2019-08-08,191.029999,193.139999,190.539993,193.039993,51200,192.285965
2019-08-09,192.509995,194.25,191.740005,193.199997,42900,192.445343
2019-08-12,192.320007,192.550003,190.320007,191.059998,13800,190.313705
2019-08-13,190.710007,194.410004,190.710007,193.380005,35300,192.624649
2019-08-14,191.309998,191.600006,188.059998,188.089996,139300,187.355301
2019-08-15,188.779999,189.259995,187.789993,188.649994,84000,187.913116
2019-08-16,189.759995,191.440002,189.759995,191.050003,30500,190.303741
2019-08-19,192.380005,193.350006,192.309998,192.889999,26800,192.136551
2019-08-20,193.020004,193.020004,191.089996,191.259995,22400,190.512924
2019-08-21,192.350006,193,192.160004,192.539993,70900,191.787918
2019-08-22,192.779999,192.779999,190.869995,191.619995,42900,190.871521
2019-08-23,191.089996,191.850006,186.350006,187.309998,42200,186.578354
2019-08-26,188.740005,189.100006,187.990005,189.080002,37400,188.341446
2019-08-27,190.039993,190.75,187.949997,187.949997,27000,187.215851
2019-08-28,187.050003,189.630005,187.050003,189.190002,29700,188.451019
2019-08-29,190.520004,191.059998,189.690002,190.639999,132700,189.89534
2019-08-30,191.369995,191.369995,190.130005,190.75,27500,190.004913
2019-09-03,189.809998,190.649994,188.970001,189.720001,32400,188.978943
2019-09-04,190.679993,190.679993,188.889999,189.649994,142800,188.90921
2019-09-05,191.25,191.889999,190.350006,191.429993,31000,190.682251
2019-09-06,191.779999,192.520004,191.690002,191.919998,30000,191.170349
2019-09-09,192.130005,192.130005,189.440002,190.080002,28200,189.33754
2019-09-10,188.710007,190.759995,187.149994,190.759995,23800,190.014877
2019-09-11,190.830002,192.779999,190.649994,192.779999,227100,192.026993
2019-09-12,193.429993,194.050003,192.600006,192.600006,34000,191.847702
2019-09-13,192.960007,193.979996,192.190002,192.570007,15300,191.81781
2019-09-16,191.460007,192.429993,191.460007,192.220001,14200,191.469177
2019-09-17,192,192.919998,192,192.539993,11700,191.787918
2019-09-18,192.5,192.639999,191.220001,192.550003,10300,191.797882
2019-09-19,192.559998,194.050003,192.559998,193.380005,15000,192.624649
2019-09-20,193.899994,195.160004,193.899994,194.470001,24700,193.710388
2019-09-23,193.649994,193.929993,193.259995,193.289993,43500,192.534988
2019-09-24,193.25,193.270004,190.050003,190.699997,127700,190.699997
2019-09-25,190.449997,190.630005,189.600006,189.770004,18200,189.770004
2019-09-26,190.199997,190.199997,187.350006,188.309998,27600,188.309998
2019-09-27,188.929993,189.160004,186.809998,187.350006,29400,187.350006
2019-09-30,187.779999,190.089996,187.779999,189.050003,34300,189.050003
2019-10-01,189.479996,189.649994,186.679993,187.029999,28400,187.029999
2019-10-02,186.399994,186.399994,183.630005,184.360001,78800,184.360001
2019-10-03,184.039993,186.169998,182.809998,186.119995,46500,186.119995
2019-10-04,186.639999,189.139999,186.639999,189.009995,20900,189.009995
2019-10-07,188.520004,189.660004,188.169998,188.320007,31600,188.320007
2019-10-08,186.880005,186.880005,184.759995,184.759995,45100,184.759995
2019-10-09,185.960007,186.610001,185.399994,186.009995,67600,186.009995
2019-10-10,185.389999,187.589996,185.210007,186.929993,92500,186.929993
2019-10-11,188.889999,190.679993,188.509995,188.509995,44800,188.509995
